1.407734695E9	1
1.407790237E9	1
1.407796241E9	1
1.407797765E9	1
1.407798485E9	1
1.407798565E9	1
1.407798903E9	1
1.407800132E9	1
1.407800354E9	1
1.407800541E9	1
1.407800741E9	1
1.407801421E9	1
1.407801455E9	1
1.407801911E9	1
1.407802047E9	1
1.407802443E9	1
1.407803095E9	1
1.407804972E9	1
1.407808012E9	1
1.407808092E9	1
1.407810802E9	1
1.407824653E9	1
1.408378298E9	1
1.40838344E9	1
1.408386637E9	1
1.408416755E9	1
1.408416775E9	1
1.408417378E9	1
1.408418404E9	1
1.408418418E9	1
1.408419E9	1
1.408419135E9	1
1.408420328E9	1
1.408420834E9	1
1.40842091E9	1
1.408428903E9	1
1.408461926E9	1
1.408574708E9	1
1.408577448E9	1
1.4085778E9	1
1.408578856E9	1
1.40857945E9	1
1.408580153E9	1
1.408581141E9	1
1.408582913E9	1
1.408583043E9	1
1.408585829E9	1
1.408591106E9	1
1.408925744E9	1
1.40903037E9	1
1.409177153E9	1
1.409182984E9	1
1.409185007E9	1
1.409188579E9	1
1.409190636E9	1
1.409195519E9	1
1.409199516E9	1
1.409225431E9	1
1.409869032E9	1
1.409873062E9	1
1.409873115E9	1
1.409873976E9	1
1.409874079E9	1
1.409876178E9	1
1.409877388E9	1
1.40987757E9	1
1.409877787E9	1
1.409879317E9	1
1.409881434E9	1
1.409899006E9	1
1.410389445E9	1
1.410393984E9	1
1.410394029E9	1
1.410394515E9	1
1.410394835E9	1
1.41047962E9	1
1.41047964E9	1
1.410480025E9	1
1.410480525E9	1
1.410483174E9	1
1.410496245E9	1
1.41066202E9	1
1.411089058E9	1
1.411206605E9	1
1.411337657E9	1
1.411362131E9	1
1.411381989E9	1
1.411603765E9	1
1.41161889E9	1
1.411697769E9	1
1.411700579E9	1
1.411700768E9	1
1.411707053E9	1
1.411707947E9	1
1.412030725E9	1
1.412139639E9	1
1.412141419E9	1
1.412142647E9	1
1.41214329E9	1
1.412143567E9	1
1.412150059E9	1
1.412172887E9	1
1.412177003E9	1
1.412196797E9	1
1.412198664E9	1
1.412199256E9	1
1.412200663E9	1
1.412202223E9	1
1.412202637E9	1
1.412202924E9	1
1.412204261E9	1
1.412204802E9	1
1.412205646E9	1
1.412206418E9	1
1.412206522E9	1
1.412206647E9	1
1.412207053E9	1
1.41220719E9	1
1.412207244E9	1
1.412207415E9	1
1.412207446E9	1
1.412207626E9	1
1.412207884E9	1
1.412207984E9	1
1.41220812E9	1
1.412208757E9	1
1.412209005E9	1
1.412209663E9	1
1.412210004E9	1
1.412210143E9	1
1.412210165E9	1
1.412210358E9	1
1.412210759E9	1
1.412212335E9	1
1.412212389E9	1
1.412215074E9	1
1.41221538E9	1
1.412217264E9	1
1.412217484E9	1
1.412219846E9	1
1.412220375E9	1
1.41222416E9	1
1.41222416E9	1
1.412224298E9	1
1.412225859E9	1
1.41222688E9	1
1.412230246E9	1
1.412230259E9	1
1.412231404E9	1
1.4122367E9	1
1.412237056E9	1
1.412238383E9	1
1.412238442E9	1
1.412239654E9	1
1.41224055E9	1
1.41224428E9	1
1.412249228E9	1
1.412253704E9	1
1.412254736E9	1
1.412255724E9	1
1.412260847E9	1
1.412261667E9	1
1.412261774E9	1
1.412264744E9	1
1.412267932E9	1
1.412268711E9	1
1.412269661E9	1
1.412269782E9	1
1.412270075E9	1
1.412272125E9	1
1.412272618E9	1
1.412273055E9	1
1.412273655E9	1
1.41227377E9	1
1.412274434E9	1
1.412274695E9	1
1.412277352E9	1
1.412277639E9	1
1.412277665E9	1
1.412278737E9	1
1.412280482E9	1
1.412280564E9	1
1.412281168E9	1
1.412282838E9	1
1.412283041E9	1
1.4122846E9	1
1.41228533E9	1
1.412285797E9	1
1.412287309E9	1
1.412287387E9	1
1.412287904E9	1
1.412288508E9	1
1.412289042E9	1
1.412289443E9	1
1.412291278E9	1
1.412292348E9	1
1.412298011E9	1
1.412298383E9	1
1.412303633E9	1
1.412303751E9	1
1.412304484E9	1
1.412306107E9	1
1.412307635E9	1
1.412307742E9	1
1.412307943E9	1
1.412309453E9	1
1.412312236E9	1
1.412312531E9	1
1.412314718E9	1
1.412315831E9	1
1.412317819E9	1
1.412326824E9	1
1.412330432E9	1
1.412331925E9	1
1.412334219E9	1
1.412338099E9	1
1.412358355E9	1
1.412358879E9	1
1.412359626E9	1
1.412360546E9	1
1.412360797E9	1
1.412363569E9	1
1.412365468E9	1
1.412367768E9	1
1.412368238E9	1
1.412370856E9	1
1.412372841E9	1
1.412373808E9	1
1.41237812E9	1
1.4123829E9	1
1.412383957E9	1
1.412383972E9	1
1.412384882E9	1
1.41238511E9	1
1.412385394E9	1
1.41238593E9	1
1.412386084E9	1
1.412386112E9	1
1.412386577E9	1
1.412386727E9	1
1.412386856E9	1
1.41238796E9	1
1.412388604E9	1
1.412389654E9	1
1.412391967E9	1
1.412393882E9	1
1.412394541E9	1
1.412399869E9	1
1.412401267E9	1
1.412403722E9	1
1.412403933E9	1
1.412407535E9	1
1.412408282E9	1
1.412412128E9	1
1.412447053E9	1
1.412451481E9	1
1.412457396E9	1
1.412458968E9	1
1.412459408E9	1
1.412461639E9	1
1.412461779E9	1
1.412462665E9	1
1.412462793E9	1
1.41246738E9	1
1.412470418E9	1
1.412471859E9	1
1.412477668E9	1
1.412481695E9	1
1.412489962E9	1
1.412550344E9	1
1.412550356E9	1
1.412571806E9	1
1.412613456E9	1
1.412624892E9	1
1.412626679E9	1
1.412632732E9	1
1.41263996E9	1
1.412644965E9	1
1.412648271E9	1
1.412648396E9	1
1.412648414E9	1
1.41265027E9	1
1.412667508E9	1
1.41267172E9	1
1.41267562E9	1
1.412702125E9	1
1.41271805E9	1
1.412727396E9	1
1.412730033E9	1
1.412731563E9	1
1.412733308E9	1
1.412739999E9	1
1.412741129E9	1
1.412751014E9	1
1.412757592E9	1
1.412757603E9	1
1.412758427E9	1
1.412758543E9	1
1.412758652E9	1
1.412758994E9	1
1.412760368E9	1
1.412760478E9	1
1.412806784E9	1
1.412807107E9	1
1.412807559E9	1
1.412807838E9	1
1.412807895E9	1
1.412808093E9	1
1.412808209E9	1
1.412809094E9	1
1.412809102E9	1
1.412809726E9	1
1.412810102E9	1
1.412810586E9	1
1.412812355E9	1
1.412820295E9	1
1.412820598E9	1
1.41282389E9	1
1.412826027E9	1
1.41282671E9	1
1.412826769E9	1
1.412834633E9	1
1.412836595E9	1
1.412857994E9	1
1.412863275E9	1
1.412874676E9	1
1.412886678E9	1
1.412906043E9	1
1.412907815E9	1
1.412976358E9	1
1.413059651E9	1
1.413070528E9	1
1.413085675E9	1
1.413106656E9	1
1.4131327E9	1
1.413140387E9	1
1.413142201E9	1
1.413142981E9	1
1.413146078E9	1
1.413146096E9	1
1.413146625E9	1
1.413151452E9	1
1.413152741E9	1
1.413153883E9	1
1.413154791E9	1
1.41315625E9	1
1.413158524E9	1
1.413160949E9	1
1.413161687E9	1
1.413162866E9	1
1.413166206E9	1
1.413168878E9	1
1.413174629E9	1
1.413174843E9	1
1.413175482E9	1
1.413182509E9	1
1.413192843E9	1
1.413204228E9	1
1.413224847E9	1
1.413235782E9	1
1.413239349E9	1
1.413251447E9	1
1.413263997E9	1
1.413266962E9	1
1.413271819E9	1
1.413274711E9	1
1.413280144E9	1
1.413282073E9	1
1.413290941E9	1
1.413295529E9	1
1.413314042E9	1
1.413324341E9	1
1.413328753E9	1
1.413328769E9	1
1.413329454E9	1
1.413331518E9	1
1.41333225E9	1
1.413340305E9	1
1.413345665E9	1
1.413348696E9	1
1.413360612E9	1
1.413363145E9	1
1.41337068E9	1
1.41337291E9	1
1.413372931E9	1
1.413378383E9	1
1.413394603E9	1
1.413394669E9	1
1.413395332E9	1
1.413396347E9	1
1.413396922E9	1
1.413396943E9	1
1.413397275E9	1
1.413397655E9	1
1.413397767E9	1
1.413399662E9	1
1.413400132E9	1
1.413400145E9	1
1.41340078E9	1
1.413400944E9	1
1.413401358E9	1
1.413401503E9	1
1.41340211E9	1
1.413404384E9	1
1.413405684E9	1
1.41340602E9	1
1.41340736E9	1
1.413407558E9	1
1.41340807E9	1
1.41340928E9	1
1.413409293E9	1
1.413411082E9	1
1.413412649E9	1
1.413414154E9	1
1.413414325E9	1
1.413414574E9	1
1.413414661E9	1
1.413415136E9	1
1.413417236E9	1
1.413417469E9	1
1.413418003E9	1
1.413419076E9	1
1.413422049E9	1
1.413422696E9	1
1.413424524E9	1
1.413426776E9	1
1.413429008E9	1
1.413429395E9	1
1.413431541E9	1
1.413432294E9	1
1.413432514E9	1
1.413432557E9	1
1.413432909E9	1
1.413433238E9	1
1.413435637E9	1
1.413436169E9	1
1.413436172E9	1
1.413438022E9	1
1.413438506E9	1
1.413443625E9	1
1.413443709E9	1
1.41344435E9	1
1.413444689E9	1
1.413445236E9	1
1.413448233E9	1
1.413450284E9	1
1.413451057E9	1
1.413455382E9	1
1.413456499E9	1
1.413460759E9	1
1.41347605E9	1
1.413477113E9	1
1.41348213E9	1
1.413484484E9	1
1.413485881E9	1
1.413485895E9	1
1.413486338E9	1
1.413488097E9	1
1.413488249E9	1
1.41348841E9	1
1.413488458E9	1
1.413488703E9	1
1.413488873E9	1
1.413489884E9	1
1.413492811E9	1
1.41349518E9	1
1.413495374E9	1
1.413495678E9	1
1.413496109E9	1
1.413498253E9	1
1.413499377E9	1
1.413499845E9	1
1.413503434E9	1
1.413503478E9	1
1.413504402E9	1
1.413505012E9	1
1.413506677E9	1
1.413507493E9	1
1.413507508E9	1
1.413509044E9	1
1.413510757E9	1
1.413514923E9	1
1.413515006E9	1
1.413515742E9	1
1.413517202E9	1
1.413518546E9	1
1.413520403E9	1
1.413522036E9	1
1.413527396E9	1
1.413530531E9	1
1.413530744E9	1
1.41353094E9	1
1.413531708E9	1
1.413533693E9	1
1.413533754E9	1
1.413535013E9	1
1.41353537E9	1
1.413535638E9	1
1.413538214E9	1
1.413538723E9	1
1.413538725E9	1
1.41353873E9	1
1.413538784E9	1
1.413538885E9	1
1.413539436E9	1
1.413540555E9	1
1.41354304E9	1
1.413543635E9	1
1.413543797E9	1
1.413544229E9	1
1.413547803E9	1
1.413556682E9	1
1.413571445E9	1
1.413575224E9	1
1.413578458E9	1
1.413579931E9	1
1.41358019E9	1
1.413580753E9	1
1.41358125E9	1
1.413581322E9	1
1.413581617E9	1
1.413581729E9	1
1.413581765E9	1
1.413581946E9	1
1.413582183E9	1
1.41358234E9	1
1.413582501E9	1
1.413582616E9	1
1.413582622E9	1
1.413582776E9	1
1.413582806E9	1
1.413582836E9	1
1.41358285E9	1
1.413583102E9	1
1.413583222E9	1
1.413583246E9	1
1.413583408E9	1
1.413583443E9	1
1.413583841E9	1
1.413584256E9	1
1.413584324E9	1
1.413584419E9	1
1.413585559E9	1
1.413585797E9	1
1.413586144E9	1
1.413586239E9	1
1.413586305E9	1
1.413586425E9	1
1.413586788E9	1
1.413586906E9	1
1.41358725E9	1
1.413587284E9	1
1.413587299E9	1
1.413587361E9	1
1.413587382E9	1
1.413587393E9	1
1.413587739E9	1
1.413587914E9	1
1.413588143E9	1
1.413588628E9	1
1.413588692E9	1
1.413588998E9	1
1.413589012E9	1
1.41358913E9	1
1.413589147E9	1
1.413589363E9	1
1.413589402E9	1
1.413589429E9	1
1.413589783E9	1
1.41358979E9	1
1.413589848E9	1
1.413589867E9	1
1.413590246E9	1
1.413591107E9	1
1.413591152E9	1
1.413591318E9	1
1.413591652E9	1
1.413592048E9	1
1.413592643E9	1
1.413592781E9	1
1.413593481E9	1
1.413593703E9	1
1.41359415E9	1
1.413595036E9	1
1.413595045E9	1
1.413595516E9	1
1.413596026E9	1
1.413596336E9	1
1.413596697E9	1
1.41359675E9	1
1.413597038E9	1
1.413597222E9	1
1.413597237E9	1
1.413597275E9	1
1.413597419E9	1
1.413597506E9	1
1.41359762E9	1
1.413598473E9	1
1.413598506E9	1
1.413598973E9	1
1.413599133E9	1
1.413600923E9	1
1.413601099E9	1
1.413601331E9	1
1.413601589E9	1
1.413602289E9	1
1.413602817E9	1
1.413603108E9	1
1.413603952E9	1
1.41360403E9	1
1.413604779E9	1
1.413604835E9	1
1.413604942E9	1
1.413605313E9	1
1.413605342E9	1
1.413606848E9	1
1.413607186E9	1
1.413607436E9	1
1.413607757E9	1
1.41360786E9	1
1.413608378E9	1
1.413608501E9	1
1.413608575E9	1
1.413609086E9	1
1.41360913E9	1
1.413610073E9	1
1.41361018E9	1
1.413610288E9	1
1.41361067E9	1
1.413610698E9	1
1.413611204E9	1
1.413611254E9	1
1.413613361E9	1
1.413613478E9	1
1.413613525E9	1
1.413614086E9	1
1.413614135E9	1
1.413614156E9	1
1.413614361E9	1
1.413615314E9	1
1.413615433E9	1
1.413615631E9	1
1.413616498E9	1
1.413616858E9	1
1.413617325E9	1
1.413617558E9	1
1.413618823E9	1
1.41361914E9	1
1.413619485E9	1
1.413619762E9	1
1.41362008E9	1
1.413620118E9	1
1.413620507E9	1
1.413620942E9	1
1.413621733E9	1
1.413621802E9	1
1.413621835E9	1
1.413622158E9	1
1.413622642E9	1
1.41362265E9	1
1.413623534E9	1
1.413625349E9	1
1.413625897E9	1
1.413626388E9	1
1.413627196E9	1
1.413629033E9	1
1.413630025E9	1
1.413630938E9	1
1.413631201E9	1
1.413632462E9	1
1.41363745E9	1
1.41364061E9	1
1.413647332E9	1
1.413647512E9	1
1.413648321E9	1
1.413653992E9	1
1.413656882E9	1
1.413657191E9	1
1.413658806E9	1
1.413660503E9	1
1.413660591E9	1
1.413662817E9	1
1.41366282E9	1
1.413664586E9	1
1.413664674E9	1
1.413665474E9	1
1.413667058E9	1
1.413667097E9	1
1.413667201E9	1
1.413667988E9	1
1.413668145E9	1
1.413668717E9	1
1.413668895E9	1
1.413669705E9	1
1.413671105E9	1
1.413671963E9	1
1.413672017E9	1
1.41367304E9	1
1.413676869E9	1
1.413680183E9	1
1.413680467E9	1
1.41368198E9	1
1.413682859E9	1
1.413685492E9	1
1.41368644E9	1
1.413686542E9	1
1.41368679E9	1
1.413688492E9	1
1.413688513E9	1
1.413690484E9	1
1.413691187E9	1
1.413691445E9	1
1.413697212E9	1
1.413697652E9	1
1.413700765E9	1
1.41370462E9	1
1.413708133E9	1
1.413709413E9	1
1.413710261E9	1
1.413710442E9	1
1.413713224E9	1
1.4137196E9	1
1.413723893E9	1
1.4137311E9	1
1.413740227E9	1
1.413742977E9	1
1.413747276E9	1
1.413749898E9	1
1.41375711E9	1
1.413759309E9	1
1.413762168E9	1
1.413771352E9	1
1.413772663E9	1
1.413774263E9	1
1.413774357E9	1
1.41377446E9	1
1.413779449E9	1
1.413783302E9	1
1.413788738E9	1
1.413789868E9	1
1.413791979E9	1
1.413793037E9	1
1.413796517E9	1
1.413796614E9	1
1.413811409E9	1
1.413822245E9	1
1.41382631E9	1
1.413832482E9	1
1.413833615E9	1
1.413834364E9	1
1.413834522E9	1
1.41383639E9	1
1.413837668E9	1
1.41383791E9	1
1.413839009E9	1
1.41384134E9	1
1.413843468E9	1
1.413853238E9	1
1.413865237E9	1
1.413872525E9	1
1.413874369E9	1
1.413875722E9	1
1.41387775E9	1
1.413878384E9	1
1.413880226E9	1
1.413883044E9	1
1.413891065E9	1
1.41389481E9	1
1.413894902E9	1
1.413908128E9	1
1.41392185E9	1
1.413923173E9	1
1.413940935E9	1
1.413954669E9	1
1.413956837E9	1
1.413972447E9	1
1.413976284E9	1
1.413976955E9	1
1.413990255E9	1
1.414002758E9	1
1.414018925E9	1
1.414025113E9	1
1.414025519E9	1
1.414033448E9	1
1.414033606E9	1
1.41403546E9	1
1.414045303E9	1
1.414054818E9	1
1.414056113E9	1
1.414067265E9	1
1.414098593E9	1
1.4141183E9	1
1.414118683E9	1
1.414127884E9	1
1.414137843E9	1
1.414138599E9	1
1.414138939E9	1
1.414139231E9	1
1.414141085E9	1
1.414141436E9	1
1.414141828E9	1
1.414142029E9	1
1.414142215E9	1
1.414142577E9	1
1.414142898E9	1
1.414143522E9	1
1.414143572E9	1
1.414143624E9	1
1.414144098E9	1
1.414144342E9	1
1.414144808E9	1
1.414145059E9	1
1.414145916E9	1
1.414146039E9	1
1.414146612E9	1
1.414146724E9	1
1.414147686E9	1
1.414147905E9	1
1.414149162E9	1
1.414150467E9	1
1.4141509E9	1
1.414151105E9	1
1.414152817E9	1
1.414154598E9	1
1.414163216E9	1
1.41416392E9	1
1.414164922E9	1
1.414165487E9	1
1.414166029E9	1
1.414166685E9	1
1.414170315E9	1
1.414170876E9	1
1.414171759E9	1
1.414173666E9	1
1.414173869E9	1
1.414174657E9	1
1.414174824E9	1
1.414176214E9	1
1.414179353E9	1
1.414179603E9	1
1.41418005E9	1
1.414180289E9	1
1.414180651E9	1
1.414180927E9	1
1.414182187E9	1
1.414182438E9	1
1.414182447E9	1
1.414182837E9	1
1.41418312E9	1
1.414184113E9	1
1.414186233E9	1
1.414186318E9	1
1.414187569E9	1
1.414187716E9	1
1.414187726E9	1
1.414188172E9	1
1.41418838E9	1
1.414188488E9	1
1.414188642E9	1
1.414189041E9	1
1.414189263E9	1
1.414189272E9	1
1.414189856E9	1
1.414190818E9	1
1.414190975E9	1
1.414191056E9	1
1.414191085E9	1
1.414191266E9	1
1.414191408E9	1
1.414191779E9	1
1.414191943E9	1
1.414192181E9	1
1.414192212E9	1
1.414192295E9	1
1.414192621E9	1
1.414192714E9	1
1.414194136E9	1
1.414194963E9	1
1.414195832E9	1
1.414195959E9	1
1.414196435E9	1
1.414196526E9	1
1.414196743E9	1
1.414196952E9	1
1.414196999E9	1
1.414197643E9	1
1.414197691E9	1
1.414197764E9	1
1.414197959E9	1
1.414198934E9	1
1.414199943E9	1
1.414200692E9	1
1.414201625E9	1
1.414203002E9	1
1.414204449E9	1
1.414205067E9	1
1.414205175E9	1
1.414207377E9	1
1.414207429E9	1
1.414207916E9	1
1.414208964E9	1
1.414209514E9	1
1.414209656E9	1
1.414211904E9	1
1.414212336E9	1
1.414213025E9	1
1.414214003E9	1
1.414214818E9	1
1.414218976E9	1
1.414223565E9	1
1.41422813E9	1
1.414228561E9	1
1.414230281E9	1
1.41423795E9	1
1.414244161E9	1
1.414245485E9	1
1.414268372E9	1
1.41427353E9	1
1.414277366E9	1
1.414278394E9	1
1.414284271E9	1
1.414287777E9	1
1.414292872E9	1
1.414295735E9	1
1.414295843E9	1
1.414296446E9	1
1.41429812E9	1
1.414298206E9	1
1.414305871E9	1
1.414312492E9	1
1.414312559E9	1
1.414314624E9	1
1.414322438E9	1
1.414325208E9	1
1.414342933E9	1
1.414346131E9	1
1.414349714E9	1
1.414358303E9	1
1.414359955E9	1
1.414363144E9	1
1.414364504E9	1
1.414365182E9	1
1.414366415E9	1
1.414367098E9	1
1.41436757E9	1
1.414368715E9	1
1.414369032E9	1
1.414369705E9	1
1.414370232E9	1
1.414370389E9	1
1.414376193E9	1
1.414377009E9	1
1.414377079E9	1
1.414377183E9	1
1.414378746E9	1
1.414383583E9	1
1.414391379E9	1
1.414395044E9	1
1.414396647E9	1
1.414396867E9	1
1.414400207E9	1
1.414401182E9	1
1.41440274E9	1
1.414413975E9	1
1.414424055E9	1
1.414425843E9	1
1.414434237E9	1
1.414435518E9	1
1.414437627E9	1
1.414438423E9	1
1.414440132E9	1
1.414441511E9	1
1.414444362E9	1
1.414445588E9	1
1.414450364E9	1
1.414451483E9	1
1.414454093E9	1
1.414454285E9	1
1.414456703E9	1
1.414458967E9	1
1.414459988E9	1
1.414461242E9	1
1.414463692E9	1
1.414465005E9	1
1.414465488E9	1
1.414465821E9	1
1.414471221E9	1
1.414471721E9	1
1.414475703E9	1
1.414482132E9	1
1.414483736E9	1
1.414484135E9	1
1.414484925E9	1
1.414488888E9	1
1.414488916E9	1
1.41449938E9	1
1.414501445E9	1
1.414513346E9	1
1.414521031E9	1
1.414523888E9	1
1.414526455E9	1
1.414527256E9	1
1.414533656E9	1
1.414533704E9	1
1.414538383E9	1
1.414541412E9	1
1.414544149E9	1
1.414549052E9	1
1.414550207E9	1
1.414553346E9	1
1.414560861E9	1
1.41456468E9	1
1.414572358E9	1
1.414573245E9	1
1.414574047E9	1
1.41457712E9	1
1.414578276E9	1
1.414579511E9	1
1.41460469E9	1
1.414612152E9	1
1.414613743E9	1
1.414614465E9	1
1.414614483E9	1
1.414617234E9	1
1.414617416E9	1
1.414618075E9	1
1.414618123E9	1
1.414619353E9	1
1.414623111E9	1
1.414623192E9	1
1.414628556E9	1
1.414633648E9	1
1.414633908E9	1
1.414634944E9	1
1.41463827E9	1
1.414638678E9	1
1.414639395E9	1
1.414640064E9	1
1.414640615E9	1
1.414642291E9	1
1.414643128E9	1
1.414645992E9	1
1.414648058E9	1
1.414648618E9	1
1.41464965E9	1
1.414649898E9	1
1.414652863E9	1
1.414653564E9	1
1.414654158E9	1
1.41465419E9	1
1.414654682E9	1
1.414654723E9	1
1.414655679E9	1
1.414659813E9	1
1.41466045E9	1
1.414661278E9	1
1.4146613E9	1
1.414662314E9	1
1.414663762E9	1
1.414664432E9	1
1.414665194E9	1
1.414666472E9	1
1.414666779E9	1
1.414670079E9	1
1.414674895E9	1
1.414685432E9	1
1.414690385E9	1
1.414691557E9	1
1.414693686E9	1
1.414699257E9	1
1.414699461E9	1
1.414699783E9	1
1.414700464E9	1
1.414700859E9	1
1.414701362E9	1
1.414701501E9	1
1.414702112E9	1
1.414702829E9	1
1.414704937E9	1
1.414705842E9	1
1.414706548E9	1
1.414707008E9	1
1.414707071E9	1
1.414707543E9	1
1.414707804E9	1
1.414709211E9	1
1.414710288E9	1
1.414710913E9	1
1.414711194E9	1
1.414711391E9	1
1.414711806E9	1
1.414712444E9	1
1.414712927E9	1
1.414713189E9	1
1.414713614E9	1
1.41471375E9	1
1.414715112E9	1
1.414715524E9	1
1.414715643E9	1
1.414716338E9	1
1.414716463E9	1
1.414717638E9	1
1.414717816E9	1
1.414718307E9	1
1.414718917E9	1
1.414719001E9	1
1.414720482E9	1
1.414722243E9	1
1.414726876E9	1
1.414728689E9	1
1.414730882E9	1
1.414731506E9	1
1.414732291E9	1
1.414732508E9	1
1.414732553E9	1
1.414733563E9	1
1.414735038E9	1
1.414735487E9	1
1.414735566E9	1
1.414736542E9	1
1.414737518E9	1
1.414738184E9	1
1.414740347E9	1
1.414740873E9	1
1.414741288E9	1
1.414741599E9	1
1.414744347E9	1
1.414745302E9	1
1.414747059E9	1
1.414747741E9	1
1.414749616E9	1
1.414754153E9	1
1.414754427E9	1
1.414754756E9	1
1.414755079E9	1
1.41475534E9	1
1.414759223E9	1
1.414765201E9	1
1.414779117E9	1
1.414779911E9	1
1.414782457E9	1
1.414783905E9	1
1.414784294E9	1
1.414784757E9	1
1.414786608E9	1
1.414786769E9	1
1.414787197E9	1
1.414793226E9	1
1.414794594E9	1
1.414796318E9	1
1.414799792E9	1
1.414800062E9	1
1.414801555E9	1
1.414802016E9	1
1.414802629E9	1
1.414802629E9	1
1.4148079E9	1
1.414810949E9	1
1.414820662E9	1
1.414822065E9	1
1.414826823E9	1
1.414827509E9	1
1.41482936E9	1
1.414838771E9	1
1.414839079E9	1
1.414843056E9	1
1.414856712E9	1
1.414864514E9	1
1.41486618E9	1
1.414870375E9	1
1.414875163E9	1
1.414876483E9	1
1.414881245E9	1
1.414886603E9	1
1.414887732E9	1
1.414888421E9	1
1.414901588E9	1
1.414914026E9	1
1.414962143E9	1
1.414970886E9	1
1.414973946E9	1
1.414976317E9	1
1.414985544E9	1
1.414990642E9	1
1.414993017E9	1
1.415029985E9	1
1.41504454E9	1
1.415073104E9	1
1.415089245E9	1
1.415089536E9	1
1.415098092E9	1
1.415099236E9	1
1.415106622E9	1
1.415135743E9	1
1.415190388E9	1
1.415197712E9	1
1.415238913E9	1
1.415267017E9	1
1.415297145E9	1
1.415328988E9	1
1.41533116E9	1
1.415356215E9	1
1.415366995E9	1
1.415402997E9	1
1.415410728E9	1
1.415417514E9	1
1.415423895E9	1
1.41543836E9	1
1.415508396E9	1
1.41551586E9	1
1.415522525E9	1
1.415528196E9	1
1.415579768E9	1
1.415594707E9	1
1.415635554E9	1
1.415636806E9	1
1.41563752E9	1
1.415637763E9	1
1.415638168E9	1
1.415638772E9	1
1.415640953E9	1
1.41564147E9	1
1.415645175E9	1
1.415646525E9	1
1.415646788E9	1
1.415647627E9	1
1.415650818E9	1
1.41565246E9	1
1.415653126E9	1
1.41565391E9	1
1.41565413E9	1
1.415655737E9	1
1.415655994E9	1
1.415656529E9	1
1.415656606E9	1
1.41565869E9	1
1.415660404E9	1
1.415660943E9	1
1.415661357E9	1
1.415661467E9	1
1.415662049E9	1
1.415662296E9	1
1.415662371E9	1
1.415662462E9	1
1.415662766E9	1
1.415663233E9	1
1.415664311E9	1
1.415665241E9	1
1.415665378E9	1
1.415665398E9	1
1.415665619E9	1
1.415666167E9	1
1.415666473E9	1
1.415667629E9	1
1.415668326E9	1
1.415668439E9	1
1.415668816E9	1
1.41566924E9	1
1.415669558E9	1
1.415669854E9	1
1.415670349E9	1
1.41567048E9	1
1.415670922E9	1
1.415671017E9	1
1.415671871E9	1
1.415671924E9	1
1.415672859E9	1
1.415672876E9	1
1.415672885E9	1
1.415673067E9	1
1.415673198E9	1
1.415674056E9	1
1.415674501E9	1
1.415674874E9	1
1.415675209E9	1
1.415677316E9	1
1.415678529E9	1
1.415680109E9	1
1.415680855E9	1
1.415681326E9	1
1.415682026E9	1
1.415682628E9	1
1.415684151E9	1
1.415684668E9	1
1.415684708E9	1
1.415685098E9	1
1.415685587E9	1
1.41568605E9	1
1.415686057E9	1
1.415686228E9	1
1.415687661E9	1
1.415687765E9	1
1.415687814E9	1
1.415688083E9	1
1.415688243E9	1
1.415688323E9	1
1.415689623E9	1
1.415690772E9	1
1.415694314E9	1
1.415696049E9	1
1.415708247E9	1
1.415713373E9	1
1.415716902E9	1
1.415725713E9	1
1.415731727E9	1
1.415737183E9	1
1.415737417E9	1
1.415741771E9	1
1.41574318E9	1
1.41574447E9	1
1.415745817E9	1
1.415748426E9	1
1.415748804E9	1
1.415751511E9	1
1.415752933E9	1
1.415753527E9	1
1.415755019E9	1
1.41575503E9	1
1.415756891E9	1
1.415757349E9	1
1.415758004E9	1
1.415764242E9	1
1.415765198E9	1
1.415766869E9	1
1.415766923E9	1
1.415772064E9	1
1.41577262E9	1
1.415773992E9	1
1.415775263E9	1
1.41577664E9	1
1.415778242E9	1
1.415782785E9	1
1.415802547E9	1
1.41580574E9	1
1.415807221E9	1
1.415812915E9	1
1.41581372E9	1
1.415816032E9	1
1.415818435E9	1
1.41581867E9	1
1.41581894E9	1
1.41581945E9	1
1.415827302E9	1
1.415827727E9	1
1.415828895E9	1
1.415829498E9	1
1.415829729E9	1
1.415833291E9	1
1.415833904E9	1
1.41583532E9	1
1.415837427E9	1
1.415837489E9	1
1.415840838E9	1
1.415841191E9	1
1.415843655E9	1
1.415843662E9	1
1.415843665E9	1
1.415843682E9	1
1.415843683E9	1
1.415843865E9	1
1.415843893E9	1
1.415843912E9	1
1.415845581E9	1
1.415845731E9	1
1.41584789E9	1
1.415849458E9	1
1.415850959E9	1
1.415852029E9	1
1.415852094E9	1
1.415853585E9	1
1.415856487E9	1
1.415857644E9	1
1.415858129E9	1
1.415859468E9	1
1.41586307E9	1
1.415863624E9	1
1.415865645E9	1
1.415868996E9	1
1.415890103E9	1
1.415890982E9	1
1.415894099E9	1
1.415905839E9	1
1.415906421E9	1
1.415908149E9	1
1.415911075E9	1
1.415917353E9	1
1.415921091E9	1
1.415922054E9	1
1.415922128E9	1
1.415924147E9	1
1.415924392E9	1
1.415927685E9	1
1.415928491E9	1
1.415928825E9	1
1.415928829E9	1
1.415936549E9	1
1.415937226E9	1
1.415937973E9	1
1.415942813E9	1
1.415954645E9	1
1.415971904E9	1
1.415987833E9	1
1.415989911E9	1
1.415993836E9	1
1.415995473E9	1
1.41599694E9	1
1.415997183E9	1
1.416002696E9	1
1.416006517E9	1
1.416008137E9	1
1.416009811E9	1
1.41601162E9	1
1.416013245E9	1
1.41601967E9	1
1.416022138E9	1
1.416023357E9	1
1.416023404E9	1
1.41602581E9	1
1.416027277E9	1
1.416037365E9	1
1.416067672E9	1
1.416068249E9	1
1.416068511E9	1
1.416069619E9	1
1.416070158E9	1
1.416070801E9	1
1.416071193E9	1
1.416071336E9	1
1.416071483E9	1
1.416072158E9	1
1.41607227E9	1
1.416072505E9	1
1.416072656E9	1
1.416072662E9	1
1.416072867E9	1
1.416072894E9	1
1.416073031E9	1
1.416073035E9	1
1.416073044E9	1
1.41607305E9	1
1.416073066E9	1
1.416073173E9	1
1.416073216E9	1
1.416073325E9	1
1.416073737E9	1
1.416074541E9	1
1.416074704E9	1
1.416074735E9	1
1.416074813E9	1
1.416074914E9	1
1.416075004E9	1
1.416075298E9	1
1.41607541E9	1
1.416075872E9	1
1.416075939E9	1
1.41607594E9	1
1.416076005E9	1
1.41607638E9	1
1.416076718E9	1
1.416077109E9	1
1.416077268E9	1
1.416077504E9	1
1.416077579E9	1
1.416077586E9	1
1.416077714E9	1
1.416077715E9	1
1.416077784E9	1
1.416077934E9	1
1.41607794E9	1
1.416078093E9	1
1.416078267E9	1
1.416078974E9	1
1.416079269E9	1
1.416079278E9	1
1.416079556E9	1
1.416079694E9	1
1.416079854E9	1
1.416079908E9	1
1.416079921E9	1
1.416079948E9	1
1.416080142E9	1
1.416080309E9	1
1.416080655E9	1
1.416080683E9	1
1.416080752E9	1
1.416080797E9	1
1.416081449E9	1
1.416081564E9	1
1.41608219E9	1
1.416082438E9	1
1.416082962E9	1
1.416083657E9	1
1.416083757E9	1
1.416084487E9	1
1.416084597E9	1
1.416084853E9	1
1.416084897E9	1
1.416084897E9	1
1.416084909E9	1
1.416084958E9	1
1.416085002E9	1
1.416085542E9	1
1.416085569E9	1
1.416085695E9	1
1.416085894E9	1
1.416085973E9	1
1.416086054E9	1
1.416086097E9	1
1.416086529E9	1
1.416086759E9	1
1.416086803E9	1
1.416087205E9	1
1.416087481E9	1
1.416087672E9	1
1.416087858E9	1
1.416088019E9	1
1.416088327E9	1
1.416088472E9	1
1.416088582E9	1
1.416088688E9	1
1.416088914E9	1
1.416088918E9	1
1.416088997E9	1
1.416089438E9	1
1.416089571E9	1
1.416089681E9	1
1.416089767E9	1
1.416089978E9	1
1.41609004E9	1
1.41609005E9	1
1.416090126E9	1
1.416090271E9	1
1.416090522E9	1
1.416090795E9	1
1.416091729E9	1
1.41609179E9	1
1.416092793E9	1
1.416092943E9	1
1.416093059E9	1
1.416093254E9	1
1.416093258E9	1
1.416093336E9	1
1.416093442E9	1
1.416093472E9	1
1.416093482E9	1
1.416093573E9	1
1.416093631E9	1
1.416093669E9	1
1.416093779E9	1
1.416093929E9	1
1.416094031E9	1
1.416094071E9	1
1.416094821E9	1
1.416094895E9	1
1.416095269E9	1
1.416095509E9	1
1.416095537E9	1
1.416095581E9	1
1.416095696E9	1
1.416095753E9	1
1.416095897E9	1
1.41609607E9	1
1.416096399E9	1
1.416096602E9	1
1.416096605E9	1
1.416097506E9	1
1.416097511E9	1
1.41609774E9	1
1.416098169E9	1
1.416098437E9	1
1.416099302E9	1
1.416099568E9	1
1.416099989E9	1
1.416100505E9	1
1.416101613E9	1
1.416101784E9	1
1.416101956E9	1
1.416102092E9	1
1.416102293E9	1
1.416102878E9	1
1.416104118E9	1
1.416105309E9	1
1.416105385E9	1
1.41610579E9	1
1.416105846E9	1
1.41610589E9	1
1.416106278E9	1
1.416106351E9	1
1.416106518E9	1
1.416108322E9	1
1.416108402E9	1
1.416108992E9	1
1.416109101E9	1
1.416109154E9	1
1.416109624E9	1
1.41610989E9	1
1.416110518E9	1
1.416110579E9	1
1.41611144E9	1
1.416111632E9	1
1.416111638E9	1
1.416112055E9	1
1.41611285E9	1
1.416113781E9	1
1.416113882E9	1
1.416113897E9	1
1.416114064E9	1
1.416114128E9	1
1.416114433E9	1
1.416115801E9	1
1.416117066E9	1
1.416118634E9	1
1.416118839E9	1
1.416118931E9	1
1.416119232E9	1
1.416119324E9	1
1.416119785E9	1
1.416119958E9	1
1.41612029E9	1
1.416120942E9	1
1.416121097E9	1
1.416121242E9	1
1.416122824E9	1
1.416123025E9	1
1.416123488E9	1
1.416124216E9	1
1.416124273E9	1
1.41612439E9	1
1.416124729E9	1
1.416124762E9	1
1.416124824E9	1
1.416125875E9	1
1.416129095E9	1
1.416130011E9	1
1.416130411E9	1
1.416130434E9	1
1.4161309E9	1
1.41613218E9	1
1.416137256E9	1
1.416137379E9	1
1.416139976E9	1
1.416140053E9	1
1.41614256E9	1
1.416143517E9	1
1.416151198E9	1
1.416152564E9	1
1.4161536E9	1
1.416155247E9	1
1.41615565E9	1
1.416157735E9	1
1.41615778E9	1
1.416159354E9	1
1.416159442E9	1
1.416160685E9	1
1.416160708E9	1
1.416161016E9	1
1.416161427E9	1
1.416161612E9	1
1.416162959E9	1
1.416163571E9	1
1.416163648E9	1
1.416163802E9	1
1.416163981E9	1
1.41616422E9	1
1.416164925E9	1
1.4161651E9	1
1.416165363E9	1
1.416167428E9	1
1.416168675E9	1
1.41616901E9	1
1.416169145E9	1
1.416170313E9	1
1.416170618E9	1
1.416170735E9	1
1.416170747E9	1
1.416172295E9	1
1.41617239E9	1
1.416172462E9	1
1.416172604E9	1
1.416172836E9	1
1.416172898E9	1
1.416172907E9	1
1.41617297E9	1
1.416174043E9	1
1.416174256E9	1
1.416174915E9	1
1.416175434E9	1
1.416175472E9	1
1.416176129E9	1
1.416176358E9	1
1.41617673E9	1
1.416177593E9	1
1.416177789E9	1
1.416178038E9	1
1.41617805E9	1
1.416178683E9	1
1.41617972E9	1
1.416179883E9	1
1.416180148E9	1
1.416180607E9	1
1.416181302E9	1
1.416181692E9	1
1.41618302E9	1
1.416184004E9	1
1.416185071E9	1
1.416186481E9	1
1.41618834E9	1
1.416188544E9	1
1.416192176E9	1
1.416192209E9	1
1.416192342E9	1
1.416192656E9	1
1.41619271E9	1
1.416193239E9	1
1.416193243E9	1
1.416193946E9	1
1.416193984E9	1
1.416194102E9	1
1.416194152E9	1
1.416194174E9	1
1.416194791E9	1
1.416195276E9	1
1.416195333E9	1
1.416195462E9	1
1.416196068E9	1
1.416196093E9	1
1.416196297E9	1
1.416196324E9	1
1.41619634E9	1
1.416196654E9	1
1.416196667E9	1
1.416196727E9	1
1.416196789E9	1
1.41619684E9	1
1.416196896E9	1
1.416196937E9	1
1.41619722E9	1
1.416198055E9	1
1.41619835E9	1
1.416198456E9	1
1.416198549E9	1
1.416198601E9	1
1.416198639E9	1
1.416198673E9	1
1.416198674E9	1
1.416198834E9	1
1.416198836E9	1
1.416198941E9	1
1.416198953E9	1
1.416198955E9	1
1.416198996E9	1
1.416199003E9	1
1.416199048E9	1
1.416199054E9	1
1.416199079E9	1
1.416199103E9	1
1.416199107E9	1
1.416199127E9	1
1.416199131E9	1
1.416199143E9	1
1.416199143E9	1
1.416199151E9	1
1.416199151E9	1
1.416199158E9	1
1.416199165E9	1
1.416199167E9	1
1.416199169E9	1
1.416199188E9	1
1.41619921E9	1
1.41619921E9	1
1.416199232E9	1
1.416199247E9	1
1.416199255E9	1
1.416199257E9	1
1.416199261E9	1
1.416199264E9	1
1.416199266E9	1
1.416199266E9	1
1.416199268E9	1
1.416199269E9	1
1.416199272E9	1
1.416199273E9	1
1.416199294E9	1
1.416199298E9	1
1.416199299E9	1
1.416199302E9	1
1.416199309E9	1
1.41619931E9	1
1.41619932E9	1
1.416199324E9	1
1.416199329E9	1
1.416199333E9	1
1.416199336E9	1
1.416199338E9	1
1.416199338E9	1
1.416199342E9	1
1.416199349E9	1
1.416199354E9	1
1.416199355E9	1
1.416199358E9	1
1.41619936E9	1
1.416199362E9	1
1.416199363E9	1
1.416199368E9	1
1.416199369E9	1
1.416199369E9	1
1.416199375E9	1
1.416199378E9	1
1.416199379E9	1
1.416199385E9	1
1.416199394E9	1
1.416199398E9	1
1.416199407E9	1
1.416199407E9	1
1.416199411E9	1
1.416199412E9	1
1.416199422E9	1
1.416199425E9	1
1.416199426E9	1
1.416199433E9	1
1.416199435E9	1
1.416199436E9	1
1.416199441E9	1
1.416199441E9	1
1.416199446E9	1
1.416199446E9	1
1.416199446E9	1
1.416199449E9	1
1.416199449E9	1
1.416199461E9	1
1.416199464E9	1
1.416199469E9	1
1.416199471E9	1
1.416199474E9	1
1.416199475E9	1
1.416199477E9	1
1.416199479E9	1
1.416199484E9	1
1.416199486E9	1
1.416199507E9	1
1.416199512E9	1
1.416199512E9	1
1.416199513E9	1
1.41619952E9	1
1.416199523E9	1
1.416199524E9	1
1.416199532E9	1
1.416199543E9	1
1.416199551E9	1
1.416199551E9	1
1.416199556E9	1
1.41619957E9	1
1.416199574E9	1
1.416199584E9	1
1.416199585E9	1
1.416199589E9	1
1.416199596E9	1
1.416199596E9	1
1.416199599E9	1
1.416199619E9	1
1.416199629E9	1
1.416199631E9	1
1.416199631E9	1
1.416199632E9	1
1.416199639E9	1
1.416199645E9	1
1.416199653E9	1
1.416199657E9	1
1.416199659E9	1
1.41619966E9	1
1.416199663E9	1
1.416199676E9	1
1.416199678E9	1
1.416199685E9	1
1.416199686E9	1
1.416199691E9	1
1.416199692E9	1
1.416199692E9	1
1.416199712E9	1
1.416199714E9	1
1.416199714E9	1
1.41619972E9	1
1.416199721E9	1
1.416199729E9	1
1.416199737E9	1
1.416199742E9	1
1.416199742E9	1
1.416199761E9	1
1.416199763E9	1
1.416199764E9	1
1.416199779E9	1
1.416199784E9	1
1.41619979E9	1
1.41619981E9	1
1.416199838E9	1
1.416199842E9	1
1.416199858E9	1
1.416199885E9	1
1.416199892E9	1
1.416199892E9	1
1.416199907E9	1
1.416199909E9	1
1.416199914E9	1
1.416199917E9	1
1.41619992E9	1
1.416199923E9	1
1.416199924E9	1
1.416199942E9	1
1.416199946E9	1
1.41619995E9	1
1.416199952E9	1
1.416199962E9	1
1.416199994E9	1
1.416200053E9	1
1.4162001E9	1
1.416200168E9	1
1.416200168E9	1
1.416200213E9	1
1.416200249E9	1
1.416200254E9	1
1.416200296E9	1
1.416200329E9	1
1.416200331E9	1
1.416200339E9	1
1.416200365E9	1
1.416200408E9	1
1.416200409E9	1
1.416200414E9	1
1.41620044E9	1
1.416200448E9	1
1.416200497E9	1
1.416200531E9	1
1.416200596E9	1
1.416200655E9	1
1.416200656E9	1
1.416200663E9	1
1.416200676E9	1
1.416200683E9	1
1.416200712E9	1
1.416200862E9	1
1.41620088E9	1
1.416200883E9	1
1.416200894E9	1
1.416200911E9	1
1.416200931E9	1
1.416200999E9	1
1.416201026E9	1
1.416201047E9	1
1.416201063E9	1
1.416201064E9	1
1.416201065E9	1
1.416201096E9	1
1.416201099E9	1
1.416201212E9	1
1.416201221E9	1
1.416201259E9	1
1.416201335E9	1
1.416201346E9	1
1.416201354E9	1
1.4162014E9	1
1.41620144E9	1
1.416201454E9	1
1.416201586E9	1
1.416201586E9	1
1.416201593E9	1
1.416201663E9	1
1.416201822E9	1
1.416202029E9	1
1.416202111E9	1
1.416202222E9	1
1.416202278E9	1
1.416202305E9	1
1.416202377E9	1
1.416202546E9	1
1.416202626E9	1
1.416202629E9	1
1.41620275E9	1
1.416202823E9	1
1.416202847E9	1
1.416202919E9	1
1.416202982E9	1
1.41620299E9	1
1.416203089E9	1
1.416203123E9	1
1.416203188E9	1
1.416203194E9	1
1.416203255E9	1
1.416203334E9	1
1.416203397E9	1
1.416203413E9	1
1.416203441E9	1
1.416203451E9	1
1.416203512E9	1
1.41620361E9	1
1.416203638E9	1
1.416203646E9	1
1.416203663E9	1
1.416203726E9	1
1.416203807E9	1
1.416204039E9	1
1.416204059E9	1
1.41620411E9	1
1.416204193E9	1
1.416204303E9	1
1.416204331E9	1
1.416204358E9	1
1.416204418E9	1
1.416204563E9	1
1.416204621E9	1
1.416204765E9	1
1.416204834E9	1
1.416204879E9	1
1.416205076E9	1
1.416205101E9	1
1.416205131E9	1
1.416205147E9	1
1.416205188E9	1
1.416205188E9	1
1.416205566E9	1
1.4162056E9	1
1.416205707E9	1
1.416205974E9	1
1.416206372E9	1
1.416206702E9	1
1.416206727E9	1
1.416206789E9	1
1.41620736E9	1
1.416207378E9	1
1.41620738E9	1
1.416207387E9	1
1.416207405E9	1
1.416207534E9	1
1.416207555E9	1
1.416207707E9	1
1.416207975E9	1
1.416208016E9	1
1.416208123E9	1
1.416208259E9	1
1.4162087E9	1
1.416209112E9	1
1.416209195E9	1
1.416209376E9	1
1.416209555E9	1
1.416209595E9	1
1.416209745E9	1
1.416210084E9	1
1.416210667E9	1
1.416210848E9	1
1.416211113E9	1
1.416211336E9	1
1.416211624E9	1
1.416211874E9	1
1.416212221E9	1
1.41621266E9	1
1.416213147E9	1
1.416213423E9	1
1.416214001E9	1
1.416214467E9	1
1.416214596E9	1
1.416215722E9	1
1.416216224E9	1
1.416216714E9	1
1.416217532E9	1
1.416218828E9	1
1.41621925E9	1
1.416220508E9	1
1.416220844E9	1
1.416222013E9	1
1.416224853E9	1
1.416225454E9	1
1.41622759E9	1
1.41622951E9	1
1.416230155E9	1
1.416231823E9	1
1.416233642E9	1
1.416234896E9	1
1.416236919E9	1
1.416237086E9	1
1.416237279E9	1
1.416237421E9	1
1.416237875E9	1
1.416238135E9	1
1.416238249E9	1
1.416238369E9	1
1.416238372E9	1
1.41623863E9	1
1.416239044E9	1
1.416239215E9	1
1.416239228E9	1
1.416239513E9	1
1.416239792E9	1
1.416240268E9	1
1.416240278E9	1
1.41624042E9	1
1.416240461E9	1
1.416240529E9	1
1.416240659E9	1
1.416240794E9	1
1.416241063E9	1
1.416241105E9	1
1.416241192E9	1
1.416241198E9	1
1.416241367E9	1
1.416241527E9	1
1.416241781E9	1
1.416241847E9	1
1.416241927E9	1
1.416241996E9	1
1.416242039E9	1
1.416242565E9	1
1.416242582E9	1
1.416242711E9	1
1.41624286E9	1
1.416242902E9	1
1.416242934E9	1
1.416243271E9	1
1.416243295E9	1
1.416243657E9	1
1.416244446E9	1
1.416244691E9	1
1.416244755E9	1
1.416244878E9	1
1.416245384E9	1
1.416245438E9	1
1.416245451E9	1
1.416245635E9	1
1.416245744E9	1
1.416245765E9	1
1.416245805E9	1
1.416245818E9	1
1.416245851E9	1
1.416246E9	1
1.416246237E9	1
1.416246358E9	1
1.416246457E9	1
1.416246513E9	1
1.416246568E9	1
1.41624671E9	1
1.416246717E9	1
1.416246734E9	1
1.41624677E9	1
1.416246795E9	1
1.416246913E9	1
1.416246936E9	1
1.416246973E9	1
1.416247083E9	1
1.416247196E9	1
1.41624724E9	1
1.416247296E9	1
1.416247334E9	1
1.416247611E9	1
1.416248071E9	1
1.41624816E9	1
1.416248322E9	1
1.416248335E9	1
1.416248566E9	1
1.416248676E9	1
1.416248813E9	1
1.41624903E9	1
1.416249081E9	1
1.416249173E9	1
1.41624926E9	1
1.416249698E9	1
1.416250086E9	1
1.416250152E9	1
1.416250256E9	1
1.416250554E9	1
1.416250642E9	1
1.416250653E9	1
1.416250679E9	1
1.416250762E9	1
1.416250893E9	1
1.416250979E9	1
1.416251295E9	1
1.416251426E9	1
1.416251497E9	1
1.416251735E9	1
1.416251828E9	1
1.416251852E9	1
1.416252514E9	1
1.416252923E9	1
1.416253056E9	1
1.416253088E9	1
1.416253134E9	1
1.416253258E9	1
1.416253425E9	1
1.416253461E9	1
1.416253904E9	1
1.41625413E9	1
1.416254503E9	1
1.416254606E9	1
1.416254792E9	1
1.416254898E9	1
1.416254971E9	1
1.416255192E9	1
1.416255361E9	1
1.416255478E9	1
1.416255923E9	1
1.416255984E9	1
1.416256298E9	1
1.416256451E9	1
1.416256681E9	1
1.416256985E9	1
1.416257022E9	1
1.4162574E9	1
1.416257406E9	1
1.41625743E9	1
1.416257475E9	1
1.416258146E9	1
1.416258222E9	1
1.416258353E9	1
1.416259225E9	1
1.416259275E9	1
1.41625997E9	1
1.416260378E9	1
1.41626044E9	1
1.416261651E9	1
1.416262109E9	1
1.416262296E9	1
1.416262461E9	1
1.416262531E9	1
1.416262566E9	1
1.416262922E9	1
1.416263251E9	1
1.416263387E9	1
1.416263731E9	1
1.416264186E9	1
1.416264405E9	1
1.416264408E9	1
1.416264649E9	1
1.416264726E9	1
1.416265059E9	1
1.41626527E9	1
1.416265531E9	1
1.416265752E9	1
1.41626611E9	1
1.416266389E9	1
1.416266432E9	1
1.416266641E9	1
1.416266758E9	1
1.416266994E9	1
1.416267066E9	1
1.416267191E9	1
1.416268232E9	1
1.416268325E9	1
1.41626836E9	1
1.416268774E9	1
1.416268793E9	1
1.416269198E9	1
1.416269203E9	1
1.416269217E9	1
1.416269277E9	1
1.41626933E9	1
1.416269832E9	1
1.416269947E9	1
1.41627033E9	1
1.416270742E9	1
1.416270958E9	1
1.416270962E9	1
1.416271375E9	1
1.416271471E9	1
1.416271715E9	1
1.416271788E9	1
1.416271792E9	1
1.416271962E9	1
1.416272034E9	1
1.416272549E9	1
1.416272661E9	1
1.416272753E9	1
1.416272951E9	1
1.416273701E9	1
1.416273871E9	1
1.416273892E9	1
1.416273949E9	1
1.416274016E9	1
1.416274319E9	1
1.416274636E9	1
1.416275394E9	1
1.416275433E9	1
1.416276246E9	1
1.416276364E9	1
1.41627647E9	1
1.416276591E9	1
1.416276717E9	1
1.416276945E9	1
1.416277459E9	1
1.41627759E9	1
1.416278506E9	1
1.416278671E9	1
1.416278677E9	1
1.416278765E9	1
1.416278826E9	1
1.416279037E9	1
1.416279161E9	1
1.416279429E9	1
1.41627945E9	1
1.416279464E9	1
1.416279494E9	1
1.416279543E9	1
1.416279556E9	1
1.416279633E9	1
1.416279735E9	1
1.416279831E9	1
1.416279921E9	1
1.416280149E9	1
1.416280155E9	1
1.416281001E9	1
1.416281031E9	1
1.416281149E9	1
1.416281567E9	1
1.416281762E9	1
1.416282035E9	1
1.416282154E9	1
1.41628233E9	1
1.416282613E9	1
1.416282713E9	1
1.416282882E9	1
1.416283101E9	1
1.416283135E9	1
1.416283226E9	1
1.416283245E9	1
1.416283284E9	1
1.416283399E9	1
1.416283506E9	1
1.416285091E9	1
1.416285229E9	1
1.41628531E9	1
1.416285365E9	1
1.416286794E9	1
1.416286909E9	1
1.416286944E9	1
1.416287003E9	1
1.416287181E9	1
1.416287612E9	1
1.416287867E9	1
1.416288494E9	1
1.416288669E9	1
1.416288691E9	1
1.416289042E9	1
1.416289183E9	1
1.416289523E9	1
1.416289563E9	1
1.416289567E9	1
1.416289627E9	1
1.416289682E9	1
1.416290125E9	1
1.416290376E9	1
1.416290487E9	1
1.416290558E9	1
1.416291156E9	1
1.416291307E9	1
1.416291824E9	1
1.416291867E9	1
1.416292112E9	1
1.416292135E9	1
1.416292299E9	1
1.416292386E9	1
1.416292474E9	1
1.416293222E9	1
1.416294309E9	1
1.416294373E9	1
1.416294692E9	1
1.416295398E9	1
1.416295598E9	1
1.41629562E9	1
1.41629563E9	1
1.416296102E9	1
1.41629655E9	1
1.416296709E9	1
1.416296903E9	1
1.416297038E9	1
1.416297074E9	1
1.416297093E9	1
1.416299545E9	1
1.416299739E9	1
1.41630144E9	1
1.416302882E9	1
1.416303041E9	1
1.416303329E9	1
1.416303486E9	1
1.416303611E9	1
1.416306872E9	1
1.416306938E9	1
1.416308335E9	1
1.416310019E9	1
1.416310607E9	1
1.416310809E9	1
1.416311135E9	1
1.416311381E9	1
1.416312955E9	1
1.416313458E9	1
1.416314532E9	1
1.416315539E9	1
1.416315972E9	1
1.416316597E9	1
1.416322941E9	1
1.41632338E9	1
1.416324725E9	1
1.416327659E9	1
1.416328767E9	1
1.416329209E9	1
1.416329483E9	1
1.416329597E9	1
1.416329775E9	1
1.416331022E9	1
1.416331095E9	1
1.416331642E9	1
1.416331867E9	1
1.416333246E9	1
1.416333352E9	1
1.416333974E9	1
1.416334284E9	1
1.416335422E9	1
1.416335863E9	1
1.416335885E9	1
1.416336421E9	1
1.416336838E9	1
1.416337758E9	1
1.416338011E9	1
1.416339822E9	1
1.416340189E9	1
1.416340321E9	1
1.416340477E9	1
1.416340651E9	1
1.416340784E9	1
1.416341009E9	1
1.416341153E9	1
1.416341225E9	1
1.416341417E9	1
1.416341547E9	1
1.416341868E9	1
1.416342456E9	1
1.41634293E9	1
1.416343178E9	1
1.416343507E9	1
1.41634392E9	1
1.416343941E9	1
1.416344419E9	1
1.416344714E9	1
1.41634488E9	1
1.416344909E9	1
1.416345776E9	1
1.416345919E9	1
1.416346215E9	1
1.416346953E9	1
1.416347994E9	1
1.416348079E9	1
1.416348202E9	1
1.416348807E9	1
1.416349931E9	1
1.416350325E9	1
1.416350591E9	1
1.416352526E9	1
1.416353179E9	1
1.416353382E9	1
1.416354438E9	1
1.416354838E9	1
1.416354938E9	1
1.416354962E9	1
1.416355678E9	1
1.416355893E9	1
1.41635669E9	1
1.416357652E9	1
1.416357912E9	1
1.41635817E9	1
1.416358507E9	1
1.416359341E9	1
1.416360466E9	1
1.416360731E9	1
1.416360841E9	1
1.416360922E9	1
1.416360943E9	1
1.416361236E9	1
1.416362908E9	1
1.416362952E9	1
1.416363242E9	1
1.416363438E9	1
1.416363595E9	1
1.416363617E9	1
1.416363702E9	1
1.416364168E9	1
1.416364223E9	1
1.416364809E9	1
1.416365123E9	1
1.416365159E9	1
1.416365268E9	1
1.41636589E9	1
1.416365941E9	1
1.41636654E9	1
1.416366651E9	1
1.416367606E9	1
1.416367951E9	1
1.41636804E9	1
1.416368341E9	1
1.416369263E9	1
1.416369627E9	1
1.416370622E9	1
1.416370718E9	1
1.416370866E9	1
1.416370949E9	1
1.416371001E9	1
1.416371039E9	1
1.416371612E9	1
1.41637253E9	1
1.41637322E9	1
1.41637339E9	1
1.416374121E9	1
1.416374364E9	1
1.41637466E9	1
1.416375032E9	1
1.416375091E9	1
1.416376397E9	1
1.41637908E9	1
1.416379184E9	1
1.416379272E9	1
1.416380036E9	1
1.4163801E9	1
1.416380775E9	1
1.416381122E9	1
1.416383765E9	1
1.416388262E9	1
1.416390105E9	1
1.416392539E9	1
1.41639259E9	1
1.416393641E9	1
1.416394825E9	1
1.41639506E9	1
1.416395953E9	1
1.416399442E9	1
1.416402642E9	1
1.416406488E9	1
1.416408555E9	1
1.416410703E9	1
1.416411356E9	1
1.416412436E9	1
1.416414554E9	1
1.416414605E9	1
1.416417124E9	1
1.41641724E9	1
1.41641954E9	1
1.416419644E9	1
1.416420667E9	1
1.416422821E9	1
1.416423526E9	1
1.416426168E9	1
1.416431689E9	1
1.416432342E9	1
1.416433081E9	1
1.416433136E9	1
1.416433256E9	1
1.416434301E9	1
1.416435441E9	1
1.416437089E9	1
1.416437212E9	1
1.416437438E9	1
1.416437539E9	1
1.416438008E9	1
1.416442361E9	1
1.416442748E9	1
1.416443119E9	1
1.416443211E9	1
1.416444111E9	1
1.416444335E9	1
1.4164452E9	1
1.416448047E9	1
1.416449299E9	1
1.416450587E9	1
1.416451424E9	1
1.41645281E9	1
1.416453973E9	1
1.416455218E9	1
1.416455604E9	1
1.416456415E9	1
1.416459707E9	1
1.416459849E9	1
1.416460011E9	1
1.416461895E9	1
1.416462445E9	1
1.416462604E9	1
1.416465853E9	1
1.416467189E9	1
1.416468508E9	1
1.41646875E9	1
1.416472051E9	1
1.416472355E9	1
1.416477793E9	1
1.41647905E9	1
1.416485207E9	1
1.416486526E9	1
1.416488462E9	1
1.416494495E9	1
1.416495777E9	1
1.416496882E9	1
1.416498695E9	1
1.416499674E9	1
1.416500055E9	1
1.41650089E9	1
1.41650201E9	1
1.416506648E9	1
1.416509744E9	1
1.416513926E9	1
1.416514258E9	1
1.416514863E9	1
1.416515618E9	1
1.416517712E9	1
1.416520881E9	1
1.416525738E9	1
1.416527885E9	1
1.416527904E9	1
1.416528781E9	1
1.416528941E9	1
1.41653024E9	1
1.41654209E9	1
1.416542792E9	1
1.416543315E9	1
1.416548152E9	1
1.416554602E9	1
1.416556693E9	1
1.416556813E9	1
1.41655739E9	1
1.416561859E9	1
1.416572991E9	1
1.416578166E9	1
1.416582606E9	1
1.416582914E9	1
1.41658387E9	1
1.416584952E9	1
1.416588841E9	1
1.41659037E9	1
1.416591362E9	1
1.416592264E9	1
1.416593359E9	1
1.416596987E9	1
1.416598726E9	1
1.416603365E9	1
1.416603882E9	1
1.416605858E9	1
1.416607139E9	1
1.416609917E9	1
1.416613685E9	1
1.416613704E9	1
1.416614993E9	1
1.416615523E9	1
1.416617171E9	1
1.416620898E9	1
1.416621915E9	1
1.416622177E9	1
1.4166262E9	1
1.416627686E9	1
1.416633783E9	1
1.416634339E9	1
1.416634827E9	1
1.416639454E9	1
1.416640252E9	1
1.416641467E9	1
1.41664272E9	1
1.416646149E9	1
1.416652631E9	1
1.416656183E9	1
1.416676217E9	1
1.416682929E9	1
1.41668635E9	1
1.416694369E9	1
1.416696104E9	1
1.416715213E9	1
1.416719787E9	1
1.416720805E9	1
1.416723471E9	1
1.416729215E9	1
1.416737079E9	1
1.416740906E9	1
1.416741014E9	1
1.416747978E9	1
1.416768445E9	1
1.416779777E9	1
1.416783274E9	1
1.416787155E9	1
1.416787694E9	1
1.416788138E9	1
1.41678882E9	1
1.416795989E9	1
1.416796211E9	1
1.41679772E9	1
1.416798842E9	1
1.416800402E9	1
1.416800912E9	1
1.416800988E9	1
1.416803542E9	1
1.416803629E9	1
1.416803869E9	1
1.41680806E9	1
1.41680875E9	1
1.416810851E9	1
1.41681462E9	1
1.416815711E9	1
1.416843245E9	1
1.416843763E9	1
1.416850094E9	1
1.416851239E9	1
1.416851283E9	1
1.41685276E9	1
1.416853051E9	1
1.416856679E9	1
1.416870031E9	1
1.416876043E9	1
1.416883242E9	1
1.416887165E9	1
1.416889369E9	1
1.416901694E9	1
1.416915939E9	1
1.416925743E9	1
1.416928609E9	1
1.416930151E9	1
1.416951137E9	1
1.416964129E9	1
1.416979368E9	1
1.416997571E9	1
1.41700449E9	1
1.417004669E9	1
1.417004894E9	1
1.417014405E9	1
1.417035179E9	1
1.417035238E9	1
1.417044472E9	1
1.417083114E9	1
1.417091954E9	1
1.417109665E9	1
1.417121463E9	1
1.417135887E9	1
1.417147194E9	1
1.417156854E9	1
1.417212543E9	1
1.417282202E9	1
1.41731188E9	1
1.417314027E9	1
1.417331446E9	1
1.41737662E9	1
1.417391308E9	1
1.417395406E9	1
1.417395676E9	1
1.417465282E9	1
1.417484152E9	1
1.417487084E9	1
1.417496831E9	1
1.417517699E9	1
1.417658791E9	1
1.417659864E9	1
1.417686046E9	1
1.417783899E9	1
1.417814087E9	1
1.417815359E9	1
1.417842193E9	1
1.417878166E9	1
1.417910812E9	1
1.417930462E9	1
1.417948698E9	1
1.417950367E9	1
1.418009505E9	1
1.4180097E9	1
1.418020802E9	1
1.418032706E9	1
1.418032806E9	1
1.418051517E9	1
1.418071822E9	1
1.418090099E9	1
1.418092786E9	1
1.418099539E9	1
1.418108817E9	1
1.418145959E9	1
1.41814938E9	1
1.418150997E9	1
1.418178821E9	1
1.418199778E9	1
1.418201503E9	1
1.41824881E9	1
1.418253222E9	1
1.418255462E9	1
1.418276754E9	1
1.418407852E9	1
1.418456526E9	1
1.418500782E9	1
1.418532307E9	1
1.418533308E9	1
1.418539734E9	1
1.418542678E9	1
1.418542956E9	1
1.418543007E9	1
1.418543013E9	1
1.418543015E9	1
1.418543049E9	1
1.41854306E9	1
1.418543063E9	1
1.418543107E9	1
1.418543125E9	1
1.41854313E9	1
1.418543164E9	1
1.418543176E9	1
1.418543225E9	1
1.418543253E9	1
1.418543274E9	1
1.418543291E9	1
1.418543313E9	1
1.418543354E9	1
1.418543368E9	1
1.418543386E9	1
1.418543389E9	1
1.4185434E9	1
1.418543402E9	1
1.418543406E9	1
1.418543416E9	1
1.418543484E9	1
1.418543526E9	1
1.418543534E9	1
1.41854354E9	1
1.418543545E9	1
1.418543551E9	1
1.418543554E9	1
1.418543593E9	1
1.41854363E9	1
1.41854365E9	1
1.418543724E9	1
1.418543829E9	1
1.418543866E9	1
1.418543878E9	1
1.418543898E9	1
1.418543977E9	1
1.41854403E9	1
1.418544048E9	1
1.418544056E9	1
1.418544059E9	1
1.418544062E9	1
1.418544065E9	1
1.418544078E9	1
1.418544083E9	1
1.418544099E9	1
1.418544116E9	1
1.418544122E9	1
1.418544251E9	1
1.41854437E9	1
1.418544409E9	1
1.418544551E9	1
1.418544697E9	1
1.418544736E9	1
1.418544769E9	1
1.418544771E9	1
1.418544776E9	1
1.418544788E9	1
1.418544845E9	1
1.418544858E9	1
1.418544869E9	1
1.418545099E9	1
1.418545109E9	1
1.418545119E9	1
1.418545122E9	1
1.418545139E9	1
1.418545144E9	1
1.418545179E9	1
1.418545218E9	1
1.418545223E9	1
1.418545233E9	1
1.418545259E9	1
1.41854537E9	1
1.418545409E9	1
1.418545424E9	1
1.418545432E9	1
1.41854545E9	1
1.418545461E9	1
1.418545479E9	1
1.418545481E9	1
1.418545484E9	1
1.41854551E9	1
1.418545517E9	1
1.418545554E9	1
1.41854556E9	1
1.418545595E9	1
1.418545598E9	1
1.418545611E9	1
1.418545615E9	1
1.418545616E9	1
1.41854563E9	1
1.418545635E9	1
1.418545673E9	1
1.418545703E9	1
1.418545726E9	1
1.418545731E9	1
1.418545751E9	1
1.418545754E9	1
1.41854593E9	1
1.418545942E9	1
1.418546012E9	1
1.418546044E9	1
1.418546078E9	1
1.418546084E9	1
1.41854609E9	1
1.418546091E9	1
1.4185461E9	1
1.418546121E9	1
1.418546133E9	1
1.418546139E9	1
1.418546315E9	1
1.418546341E9	1
1.418546359E9	1
1.418546381E9	1
1.4185464E9	1
1.418546437E9	1
1.418546469E9	1
1.41854648E9	1
1.418546521E9	1
1.41854653E9	1
1.418546588E9	1
1.418546793E9	1
1.418546829E9	1
1.41854686E9	1
1.418546931E9	1
1.41854694E9	1
1.418546942E9	1
1.418546988E9	1
1.418547042E9	1
1.418547112E9	1
1.41854714E9	1
1.418547159E9	1
1.418547171E9	1
1.41854718E9	1
1.418547195E9	1
1.418547384E9	1
1.418547397E9	1
1.418547455E9	1
1.418547496E9	1
1.41854751E9	1
1.418547539E9	1
1.418547553E9	1
1.418547833E9	1
1.418547835E9	1
1.418547885E9	1
1.418547946E9	1
1.418548056E9	1
1.418548066E9	1
1.418548099E9	1
1.418548143E9	1
1.418548163E9	1
1.418548265E9	1
1.418548341E9	1
1.418548347E9	1
1.418548671E9	1
1.418548677E9	1
1.418548689E9	1
1.418548724E9	1
1.41854873E9	1
1.418548747E9	1
1.418548835E9	1
1.418548853E9	1
1.418548868E9	1
1.418548871E9	1
1.418549062E9	1
1.418549136E9	1
1.418549206E9	1
1.41854924E9	1
1.418549276E9	1
1.418549277E9	1
1.418549351E9	1
1.418549568E9	1
1.418549605E9	1
1.418549624E9	1
1.418549633E9	1
1.418549648E9	1
1.41854965E9	1
1.418549673E9	1
1.41854968E9	1
1.418549748E9	1
1.418549869E9	1
1.418549874E9	1
1.418550197E9	1
1.418550203E9	1
1.418550205E9	1
1.418550256E9	1
1.418550313E9	1
1.418550347E9	1
1.418550366E9	1
1.418550424E9	1
1.418550429E9	1
1.418550471E9	1
1.418550488E9	1
1.418550712E9	1
1.418550869E9	1
1.418551053E9	1
1.418551103E9	1
1.418551115E9	1
1.418551178E9	1
1.418551184E9	1
1.418551397E9	1
1.418551426E9	1
1.418551459E9	1
1.418551629E9	1
1.418551765E9	1
1.418551909E9	1
1.418551931E9	1
1.418551975E9	1
1.418552046E9	1
1.418552189E9	1
1.418552397E9	1
1.418552454E9	1
1.418552508E9	1
1.418552514E9	1
1.418552524E9	1
1.418552577E9	1
1.418553137E9	1
1.418553174E9	1
1.418553444E9	1
1.418553867E9	1
1.418553872E9	1
1.418553878E9	1
1.418553899E9	1
1.418553969E9	1
1.41855397E9	1
1.418554049E9	1
1.418554078E9	1
1.418554082E9	1
1.418554098E9	1
1.418554101E9	1
1.418554138E9	1
1.418554349E9	1
1.418554368E9	1
1.418554691E9	1
1.418554725E9	1
1.41855489E9	1
1.418554945E9	1
1.41855502E9	1
1.418555044E9	1
1.418555065E9	1
1.418555147E9	1
1.418555303E9	1
1.418555311E9	1
1.418555333E9	1
1.418555379E9	1
1.418555482E9	1
1.418555558E9	1
1.418555589E9	1
1.418555589E9	1
1.418555595E9	1
1.418555684E9	1
1.418555735E9	1
1.418555758E9	1
1.41855582E9	1
1.418555847E9	1
1.418556024E9	1
1.418556027E9	1
1.41855606E9	1
1.418556101E9	1
1.418556172E9	1
1.4185563E9	1
1.418556312E9	1
1.418556349E9	1
1.418556387E9	1
1.418556416E9	1
1.418556663E9	1
1.418556665E9	1
1.418556739E9	1
1.418556777E9	1
1.41855689E9	1
1.418556925E9	1
1.418557308E9	1
1.418557341E9	1
1.418557348E9	1
1.41855744E9	1
1.418557482E9	1
1.418557565E9	1
1.418557605E9	1
1.418557614E9	1
1.418557651E9	1
1.41855767E9	1
1.41855769E9	1
1.418557713E9	1
1.418557714E9	1
1.418557731E9	1
1.418557751E9	1
1.418557785E9	1
1.418557854E9	1
1.418557926E9	1
1.418557931E9	1
1.418557961E9	1
1.418558047E9	1
1.418558051E9	1
1.418558628E9	1
1.418558648E9	1
1.418558665E9	1
1.418559171E9	1
1.418595973E9	1
1.418609963E9	1
1.418644579E9	1
1.418667653E9	1
1.418682383E9	1
1.418749051E9	1
1.418759533E9	1
1.418794803E9	1
1.41885124E9	1
1.418994066E9	1
1.419057807E9	1
1.41922164E9	1
1.419246029E9	1
1.419293646E9	1
1.419406456E9	1
1.419454808E9	1
1.419494025E9	1
1.419540001E9	1
1.420041501E9	1
