1.400132789E9	1
1.400200724E9	1
1.400203214E9	1
1.400203576E9	1
1.400212853E9	1
1.400259049E9	1
1.400259098E9	1
1.40026404E9	1
1.400264063E9	1
1.400264124E9	1
1.400266049E9	1
1.400269221E9	1
1.400269853E9	1
1.400270455E9	1
1.40027123E9	1
1.400271618E9	1
1.400274224E9	1
1.400275515E9	1
1.400276538E9	1
1.400280557E9	1
1.400281473E9	1
1.400281717E9	1
1.400282079E9	1
1.400282266E9	1
1.4002841E9	1
1.400285376E9	1
1.400285444E9	1
1.400286007E9	1
1.400286618E9	1
1.400286841E9	1
1.400286906E9	1
1.400287339E9	1
1.400288174E9	1
1.400288413E9	1
1.400288457E9	1
1.40028916E9	1
1.400290976E9	1
1.400291323E9	1
1.400291472E9	1
1.400291815E9	1
1.400292617E9	1
1.400293159E9	1
1.400293171E9	1
1.400295123E9	1
1.400295376E9	1
1.400296824E9	1
1.400296916E9	1
1.400297077E9	1
1.400297114E9	1
1.400297458E9	1
1.40029747E9	1
1.40029828E9	1
1.400299027E9	1
1.400299565E9	1
1.400300463E9	1
1.400300654E9	1
1.400300886E9	1
1.400300894E9	1
1.400301068E9	1
1.400301562E9	1
1.40030205E9	1
1.400302125E9	1
1.400302548E9	1
1.400302894E9	1
1.400303377E9	1
1.400303634E9	1
1.400304563E9	1
1.40030466E9	1
1.400304743E9	1
1.400305329E9	1
1.400305663E9	1
1.400305975E9	1
1.400306337E9	1
1.400306513E9	1
1.400307319E9	1
1.400307355E9	1
1.400308194E9	1
1.400308406E9	1
1.400308967E9	1
1.400310384E9	1
1.400310556E9	1
1.400314857E9	1
1.40031714E9	1
1.400317556E9	1
1.400317812E9	1
1.400318345E9	1
1.400321263E9	1
1.400326739E9	1
1.400332433E9	1
1.400333466E9	1
1.4003373E9	1
1.400338732E9	1
1.400340116E9	1
1.400340174E9	1
1.400340633E9	1
1.400341156E9	1
1.400341374E9	1
1.400342768E9	1
1.400343502E9	1
1.400344979E9	1
1.40034576E9	1
1.400346094E9	1
1.400347172E9	1
1.400347848E9	1
1.400348357E9	1
1.400348431E9	1
1.400348499E9	1
1.400348836E9	1
1.400348959E9	1
1.400349024E9	1
1.400349123E9	1
1.400349424E9	1
1.400350305E9	1
1.400350666E9	1
1.400350828E9	1
1.400351042E9	1
1.400351045E9	1
1.400351407E9	1
1.4003519E9	1
1.400352363E9	1
1.400353007E9	1
1.400353095E9	1
1.400354068E9	1
1.400354277E9	1
1.40035451E9	1
1.400354812E9	1
1.400354822E9	1
1.400354924E9	1
1.400355303E9	1
1.400355364E9	1
1.400356233E9	1
1.400357283E9	1
1.40035772E9	1
1.400357764E9	1
1.400357937E9	1
1.400358341E9	1
1.400359312E9	1
1.400359857E9	1
1.400359895E9	1
1.400360549E9	1
1.400360745E9	1
1.400360865E9	1
1.400361118E9	1
1.400361537E9	1
1.400361635E9	1
1.400361679E9	1
1.400363074E9	1
1.400363531E9	1
1.4003637E9	1
1.400364004E9	1
1.400364425E9	1
1.400364916E9	1
1.400365158E9	1
1.400365242E9	1
1.400365357E9	1
1.400366291E9	1
1.400366916E9	1
1.400367201E9	1
1.400367253E9	1
1.400367823E9	1
1.400368309E9	1
1.400368594E9	1
1.400368885E9	1
1.400368953E9	1
1.400369181E9	1
1.40036962E9	1
1.400369742E9	1
1.40036976E9	1
1.40037007E9	1
1.40037025E9	1
1.40037035E9	1
1.400370582E9	1
1.400370649E9	1
1.40037168E9	1
1.40037174E9	1
1.400372674E9	1
1.400372769E9	1
1.400372874E9	1
1.400372882E9	1
1.400372885E9	1
1.400373574E9	1
1.400374662E9	1
1.400374709E9	1
1.400374824E9	1
1.40037499E9	1
1.400376811E9	1
1.400377162E9	1
1.400377387E9	1
1.400377623E9	1
1.400377983E9	1
1.400378629E9	1
1.400378841E9	1
1.400379025E9	1
1.400379094E9	1
1.400379359E9	1
1.400379421E9	1
1.400379435E9	1
1.400379835E9	1
1.400379902E9	1
1.400380289E9	1
1.400381334E9	1
1.400381366E9	1
1.400381782E9	1
1.400381887E9	1
1.400382566E9	1
1.400382752E9	1
1.400382913E9	1
1.400383038E9	1
1.400383355E9	1
1.400383525E9	1
1.400383734E9	1
1.400384823E9	1
1.400384886E9	1
1.400385052E9	1
1.400385096E9	1
1.400385188E9	1
1.400385687E9	1
1.400385933E9	1
1.400385981E9	1
1.400386329E9	1
1.400386722E9	1
1.400387109E9	1
1.400387671E9	1
1.400387728E9	1
1.400387759E9	1
1.400387889E9	1
1.400388213E9	1
1.400388249E9	1
1.400388257E9	1
1.400388945E9	1
1.400389192E9	1
1.40038926E9	1
1.400389488E9	1
1.400389662E9	1
1.400389679E9	1
1.400389763E9	1
1.400389916E9	1
1.400392003E9	1
1.400392043E9	1
1.400392291E9	1
1.400392789E9	1
1.400392923E9	1
1.400393027E9	1
1.400393705E9	1
1.400393714E9	1
1.400393853E9	1
1.400394507E9	1
1.400394713E9	1
1.400395742E9	1
1.400395881E9	1
1.400396167E9	1
1.400396174E9	1
1.40039657E9	1
1.40039669E9	1
1.40039747E9	1
1.400399304E9	1
1.400399419E9	1
1.400399426E9	1
1.400400802E9	1
1.400401998E9	1
1.400402333E9	1
1.40040367E9	1
1.400405486E9	1
1.40040624E9	1
1.400407901E9	1
1.400411337E9	1
1.400417941E9	1
1.400418481E9	1
1.400419385E9	1
1.400422113E9	1
1.400422274E9	1
1.400422427E9	1
1.400425848E9	1
1.400426535E9	1
1.400427197E9	1
1.400427336E9	1
1.400427595E9	1
1.400428377E9	1
1.400428972E9	1
1.400429898E9	1
1.400430509E9	1
1.400431219E9	1
1.400431829E9	1
1.400432826E9	1
1.400433351E9	1
1.400434742E9	1
1.400435939E9	1
1.40043617E9	1
1.400436224E9	1
1.400436239E9	1
1.400437091E9	1
1.400437341E9	1
1.400437366E9	1
1.40043741E9	1
1.400437433E9	1
1.400438905E9	1
1.400438911E9	1
1.400439078E9	1
1.400439228E9	1
1.40044017E9	1
1.400440528E9	1
1.400442285E9	1
1.400443716E9	1
1.400444374E9	1
1.40044574E9	1
1.400445848E9	1
1.400446143E9	1
1.400446244E9	1
1.400446434E9	1
1.400446794E9	1
1.400446934E9	1
1.400447158E9	1
1.400447934E9	1
1.400448906E9	1
1.400449633E9	1
1.400450373E9	1
1.400450825E9	1
1.400451566E9	1
1.400451608E9	1
1.400452539E9	1
1.400452699E9	1
1.400453037E9	1
1.400453038E9	1
1.400453225E9	1
1.400454348E9	1
1.40045569E9	1
1.400455893E9	1
1.400456303E9	1
1.400457475E9	1
1.400457491E9	1
1.400457646E9	1
1.40045769E9	1
1.400458032E9	1
1.400458633E9	1
1.400459077E9	1
1.400459219E9	1
1.400459576E9	1
1.400460204E9	1
1.40046056E9	1
1.400460683E9	1
1.400460956E9	1
1.400461512E9	1
1.400461557E9	1
1.400462997E9	1
1.400463557E9	1
1.40046371E9	1
1.400463982E9	1
1.400464026E9	1
1.400464677E9	1
1.400464736E9	1
1.400464838E9	1
1.400465189E9	1
1.400466472E9	1
1.40046747E9	1
1.400467742E9	1
1.400468106E9	1
1.400468124E9	1
1.400468487E9	1
1.400468642E9	1
1.400468643E9	1
1.400468773E9	1
1.400468865E9	1
1.400469024E9	1
1.400469378E9	1
1.40047094E9	1
1.400470966E9	1
1.400471271E9	1
1.400472428E9	1
1.400473352E9	1
1.40047377E9	1
1.400475692E9	1
1.400475845E9	1
1.400476002E9	1
1.400476146E9	1
1.400476441E9	1
1.400477001E9	1
1.400477411E9	1
1.400477455E9	1
1.40047789E9	1
1.400478043E9	1
1.400478251E9	1
1.400478896E9	1
1.400479281E9	1
1.40048353E9	1
1.400485192E9	1
1.400485356E9	1
1.400486697E9	1
1.400487682E9	1
1.400488436E9	1
1.400496133E9	1
1.400496689E9	1
1.400496699E9	1
1.400500321E9	1
1.400502314E9	1
1.400502852E9	1
1.400503506E9	1
1.40050572E9	1
1.400508216E9	1
1.400509706E9	1
1.400510064E9	1
1.400511505E9	1
1.400511986E9	1
1.400512417E9	1
1.40051305E9	1
1.400514017E9	1
1.400515206E9	1
1.40051556E9	1
1.400516192E9	1
1.400517781E9	1
1.400519765E9	1
1.400520111E9	1
1.400520511E9	1
1.400522147E9	1
1.400523651E9	1
1.400524339E9	1
1.400525171E9	1
1.400525646E9	1
1.400526639E9	1
1.400526941E9	1
1.400527922E9	1
1.400529409E9	1
1.400529456E9	1
1.400530391E9	1
1.400531674E9	1
1.40053263E9	1
1.400532986E9	1
1.400532987E9	1
1.400533408E9	1
1.40053342E9	1
1.400533779E9	1
1.400534096E9	1
1.40053459E9	1
1.400534786E9	1
1.40053552E9	1
1.400535982E9	1
1.400537083E9	1
1.400537261E9	1
1.400538347E9	1
1.400539273E9	1
1.400540102E9	1
1.400541521E9	1
1.400542384E9	1
1.400542472E9	1
1.400542738E9	1
1.400543852E9	1
1.400544445E9	1
1.40054484E9	1
1.400545032E9	1
1.400545175E9	1
1.400545866E9	1
1.40054647E9	1
1.400546516E9	1
1.400547161E9	1
1.40054777E9	1
1.400549281E9	1
1.400549328E9	1
1.400549709E9	1
1.400550415E9	1
1.400550827E9	1
1.400550828E9	1
1.400550851E9	1
1.400550986E9	1
1.400551175E9	1
1.400551249E9	1
1.40055167E9	1
1.400551988E9	1
1.400552102E9	1
1.400554021E9	1
1.400554393E9	1
1.400554725E9	1
1.40055525E9	1
1.400555956E9	1
1.400556896E9	1
1.400558053E9	1
1.400559611E9	1
1.400560346E9	1
1.400561255E9	1
1.400562239E9	1
1.400563241E9	1
1.400563751E9	1
1.400564771E9	1
1.400564773E9	1
1.400565987E9	1
1.400566155E9	1
1.400566244E9	1
1.400567608E9	1
1.400568957E9	1
1.400569651E9	1
1.400570352E9	1
1.400571753E9	1
1.400572105E9	1
1.400575322E9	1
1.400578696E9	1
1.400581102E9	1
1.400581805E9	1
1.40058327E9	1
1.400586924E9	1
1.400591122E9	1
1.40059254E9	1
1.400597815E9	1
1.400601804E9	1
1.400602855E9	1
1.400603058E9	1
1.400603075E9	1
1.400605235E9	1
1.400606264E9	1
1.400606321E9	1
1.400606489E9	1
1.40060681E9	1
1.400606944E9	1
1.400609216E9	1
1.40060944E9	1
1.40060952E9	1
1.400609753E9	1
1.400611264E9	1
1.400613355E9	1
1.400615547E9	1
1.400623105E9	1
1.400623182E9	1
1.400624619E9	1
1.400624828E9	1
1.400626142E9	1
1.400627371E9	1
1.400628989E9	1
1.400629405E9	1
1.400629555E9	1
1.400632825E9	1
1.400632858E9	1
1.400633187E9	1
1.400633206E9	1
1.40063333E9	1
1.400633417E9	1
1.400634129E9	1
1.400634379E9	1
1.400635023E9	1
1.400635286E9	1
1.400635476E9	1
1.400636243E9	1
1.400637711E9	1
1.40063908E9	1
1.400639259E9	1
1.400640556E9	1
1.400640737E9	1
1.400641031E9	1
1.400641173E9	1
1.400641877E9	1
1.400642255E9	1
1.400642418E9	1
1.400643554E9	1
1.400643877E9	1
1.400643938E9	1
1.400644013E9	1
1.400644221E9	1
1.400646231E9	1
1.400646469E9	1
1.400646633E9	1
1.400648729E9	1
1.400649126E9	1
1.400649595E9	1
1.400649774E9	1
1.400649859E9	1
1.400650024E9	1
1.400651281E9	1
1.400652169E9	1
1.400654339E9	1
1.400658346E9	1
1.400659775E9	1
1.400660287E9	1
1.400662083E9	1
1.400672389E9	1
1.400677435E9	1
1.400680432E9	1
1.400683975E9	1
1.400684781E9	1
1.400685152E9	1
1.400685857E9	1
1.400686049E9	1
1.400687731E9	1
1.400690632E9	1
1.400690797E9	1
1.400691097E9	1
1.400691319E9	1
1.400692496E9	1
1.400694515E9	1
1.400695351E9	1
1.400695425E9	1
1.400699569E9	1
1.40070077E9	1
1.400702267E9	1
1.400702864E9	1
1.400704051E9	1
1.400704356E9	1
1.400705253E9	1
1.400705628E9	1
1.400706317E9	1
1.400707728E9	1
1.400709032E9	1
1.400709056E9	1
1.400710513E9	1
1.400710708E9	1
1.400711983E9	1
1.400712375E9	1
1.4007137E9	1
1.400716128E9	1
1.400716407E9	1
1.400716411E9	1
1.400717027E9	1
1.400717674E9	1
1.400718945E9	1
1.400719368E9	1
1.400719708E9	1
1.400720186E9	1
1.400720346E9	1
1.400721698E9	1
1.40072195E9	1
1.400722215E9	1
1.400724007E9	1
1.400727693E9	1
1.400728574E9	1
1.400728943E9	1
1.400729075E9	1
1.400729087E9	1
1.400729127E9	1
1.40072914E9	1
1.400729332E9	1
1.400729514E9	1
1.400729607E9	1
1.400729871E9	1
1.400729911E9	1
1.400730001E9	1
1.400730121E9	1
1.400730141E9	1
1.400730202E9	1
1.400730337E9	1
1.400730366E9	1
1.400730367E9	1
1.400730425E9	1
1.400730731E9	1
1.400730735E9	1
1.400730842E9	1
1.400730874E9	1
1.400730898E9	1
1.400731066E9	1
1.400731164E9	1
1.400731171E9	1
1.400731344E9	1
1.400731352E9	1
1.400731382E9	1
1.400731725E9	1
1.400731828E9	1
1.400731912E9	1
1.400732127E9	1
1.400732152E9	1
1.400732555E9	1
1.400732691E9	1
1.40073279E9	1
1.400732799E9	1
1.400733059E9	1
1.400733202E9	1
1.400733316E9	1
1.400733398E9	1
1.400733562E9	1
1.400733568E9	1
1.400733996E9	1
1.400734375E9	1
1.400734387E9	1
1.400734455E9	1
1.400734998E9	1
1.40073503E9	1
1.400735339E9	1
1.40073541E9	1
1.400735832E9	1
1.400736123E9	1
1.400736322E9	1
1.400736393E9	1
1.400737215E9	1
1.400739363E9	1
1.40074015E9	1
1.400740159E9	1
1.400741272E9	1
1.400749549E9	1
1.400749999E9	1
1.40075234E9	1
1.400760361E9	1
1.400762027E9	1
1.400763178E9	1
1.400765634E9	1
1.400765776E9	1
1.400768364E9	1
1.400769247E9	1
1.400769368E9	1
1.400772223E9	1
1.400773168E9	1
1.400773772E9	1
1.400774506E9	1
1.400774594E9	1
1.400775925E9	1
1.40077881E9	1
1.400779254E9	1
1.400779447E9	1
1.40078027E9	1
1.400782771E9	1
1.400787817E9	1
1.400788068E9	1
1.400788293E9	1
1.400789575E9	1
1.400790213E9	1
1.400792663E9	1
1.400793163E9	1
1.40079319E9	1
1.400794204E9	1
1.40079426E9	1
1.400794811E9	1
1.400795512E9	1
1.400797052E9	1
1.40079768E9	1
1.400801963E9	1
1.40080263E9	1
1.400803508E9	1
1.4008036E9	1
1.400804787E9	1
1.40080503E9	1
1.400805631E9	1
1.400805643E9	1
1.400807486E9	1
1.400808128E9	1
1.400808498E9	1
1.40081121E9	1
1.400811778E9	1
1.40081628E9	1
1.400817423E9	1
1.400819645E9	1
1.400820028E9	1
1.400820263E9	1
1.400821799E9	1
1.400822604E9	1
1.400823235E9	1
1.400824004E9	1
1.400828639E9	1
1.400837332E9	1
1.400849571E9	1
1.400854228E9	1
1.400862909E9	1
1.400864372E9	1
1.400872291E9	1
1.40087812E9	1
1.400880191E9	1
1.400882592E9	1
1.400883257E9	1
1.400884545E9	1
1.400885411E9	1
1.400887725E9	1
1.400887753E9	1
1.400889427E9	1
1.400890808E9	1
1.400893089E9	1
1.400893567E9	1
1.40090106E9	1
1.400907002E9	1
1.400925626E9	1
1.400930824E9	1
1.400931073E9	1
1.400937376E9	1
1.400941715E9	1
1.40095694E9	1
1.400962854E9	1
1.400974117E9	1
1.400974771E9	1
1.400976541E9	1
1.40098227E9	1
1.400996606E9	1
1.401002657E9	1
1.40102794E9	1
1.401035032E9	1
1.401035136E9	1
1.401035486E9	1
1.401035556E9	1
1.401035953E9	1
1.40103633E9	1
1.401036399E9	1
1.401036924E9	1
1.401037197E9	1
1.401037452E9	1
1.40103843E9	1
1.401038673E9	1
1.401038868E9	1
1.401039194E9	1
1.401040016E9	1
1.40104032E9	1
1.401040854E9	1
1.401041074E9	1
1.401041664E9	1
1.401041667E9	1
1.40104191E9	1
1.401043158E9	1
1.401044398E9	1
1.401045023E9	1
1.401045191E9	1
1.401046543E9	1
1.401046649E9	1
1.401049674E9	1
1.401049996E9	1
1.40105029E9	1
1.401050551E9	1
1.401050897E9	1
1.401051522E9	1
1.4010517E9	1
1.401051913E9	1
1.401053988E9	1
1.401055111E9	1
1.401056155E9	1
1.401056202E9	1
1.401056323E9	1
1.401057036E9	1
1.401057552E9	1
1.40105828E9	1
1.401058287E9	1
1.401058368E9	1
1.40105857E9	1
1.401058599E9	1
1.401059028E9	1
1.401059189E9	1
1.401059448E9	1
1.401059666E9	1
1.401060024E9	1
1.401060036E9	1
1.401060249E9	1
1.401060279E9	1
1.401060569E9	1
1.401060587E9	1
1.40106072E9	1
1.401060774E9	1
1.401060954E9	1
1.401061209E9	1
1.401061214E9	1
1.401061378E9	1
1.401061439E9	1
1.401061586E9	1
1.401061587E9	1
1.401061895E9	1
1.401062084E9	1
1.40106216E9	1
1.401062433E9	1
1.401062502E9	1
1.401062743E9	1
1.401062759E9	1
1.40106284E9	1
1.401063128E9	1
1.401063411E9	1
1.401063497E9	1
1.401064174E9	1
1.401064602E9	1
1.401065881E9	1
1.401066836E9	1
1.401068749E9	1
1.401070993E9	1
1.401072963E9	1
1.401073219E9	1
1.401073263E9	1
1.4010738E9	1
1.401074711E9	1
1.401105114E9	1
1.401105282E9	1
1.401111552E9	1
1.401114032E9	1
1.401116698E9	1
1.401122911E9	1
1.401127766E9	1
1.401139107E9	1
1.401149534E9	1
1.401150121E9	1
1.40116047E9	1
1.401160542E9	1
1.401173778E9	1
1.401174683E9	1
1.401190805E9	1
1.401205982E9	1
1.401221959E9	1
1.401223991E9	1
1.401227109E9	1
1.401234388E9	1
1.401235696E9	1
1.401235771E9	1
1.4012441E9	1
1.401260436E9	1
1.40130313E9	1
1.401315015E9	1
1.401315582E9	1
1.401330693E9	1
1.401503088E9	1
1.401586687E9	1
1.40165216E9	1
1.401746403E9	1
1.401792912E9	1
1.401814755E9	1
1.40205861E9	1
1.40209457E9	1
1.402097188E9	1
1.402154771E9	1
1.402185177E9	1
1.402538459E9	1
1.402781638E9	1
1.402801846E9	1
1.403256007E9	1
1.404013247E9	1
1.404215752E9	1
1.404332449E9	1
1.404337407E9	1
1.404341996E9	1
1.4043427E9	1
1.40434773E9	1
1.404357144E9	1
1.404359471E9	1
1.404360606E9	1
1.404362607E9	1
1.404365604E9	1
1.404372599E9	1
1.404374724E9	1
1.404383637E9	1
1.404384381E9	1
1.404398148E9	1
1.404398662E9	1
1.404404179E9	1
1.404406058E9	1
1.404406228E9	1
1.404406679E9	1
1.404407544E9	1
1.404407591E9	1
1.4044082E9	1
1.40440831E9	1
1.404410759E9	1
1.404411315E9	1
1.404411783E9	1
1.404411839E9	1
1.404411949E9	1
1.404412559E9	1
1.404412694E9	1
1.404412795E9	1
1.404413622E9	1
1.404413622E9	1
1.40441387E9	1
1.404413937E9	1
1.404413941E9	1
1.404414096E9	1
1.404414272E9	1
1.404414878E9	1
1.404414919E9	1
1.404415194E9	1
1.404416292E9	1
1.404416762E9	1
1.404416907E9	1
1.404417298E9	1
1.40441751E9	1
1.404417543E9	1
1.404417942E9	1
1.404418018E9	1
1.404418145E9	1
1.404418192E9	1
1.404418342E9	1
1.404418388E9	1
1.404418519E9	1
1.404418736E9	1
1.404418792E9	1
1.404418939E9	1
1.404419442E9	1
1.404419492E9	1
1.404419505E9	1
1.404419555E9	1
1.404419566E9	1
1.404420443E9	1
1.404420535E9	1
1.404420649E9	1
1.404421054E9	1
1.404421326E9	1
1.404421327E9	1
1.404421863E9	1
1.404422058E9	1
1.404422421E9	1
1.404422904E9	1
1.404422998E9	1
1.404423747E9	1
1.404424979E9	1
1.404425415E9	1
1.404425446E9	1
1.404425654E9	1
1.404425827E9	1
1.404425889E9	1
1.404425913E9	1
1.404425971E9	1
1.404426089E9	1
1.404426475E9	1
1.404427053E9	1
1.40442722E9	1
1.40442729E9	1
1.404427323E9	1
1.404427393E9	1
1.404427489E9	1
1.404427777E9	1
1.404427934E9	1
1.404428052E9	1
1.404428172E9	1
1.404428292E9	1
1.404428666E9	1
1.404428832E9	1
1.404429372E9	1
1.404429427E9	1
1.404429597E9	1
1.404429941E9	1
1.404429967E9	1
1.404430005E9	1
1.404430243E9	1
1.404431016E9	1
1.404431399E9	1
1.404432099E9	1
1.40443303E9	1
1.404433357E9	1
1.404433444E9	1
1.404434081E9	1
1.404434232E9	1
1.404434393E9	1
1.404434476E9	1
1.404434806E9	1
1.404435159E9	1
1.40443517E9	1
1.404435395E9	1
1.404435594E9	1
1.40443565E9	1
1.404436028E9	1
1.404436182E9	1
1.40443638E9	1
1.404437547E9	1
1.404437602E9	1
1.40443783E9	1
1.404438534E9	1
1.404438771E9	1
1.404439059E9	1
1.404439318E9	1
1.404439898E9	1
1.404440274E9	1
1.404440471E9	1
1.404442104E9	1
1.404442147E9	1
1.404442211E9	1
1.404443197E9	1
1.404443606E9	1
1.404443712E9	1
1.404443771E9	1
1.404444096E9	1
1.404445055E9	1
1.404445254E9	1
1.404445363E9	1
1.404445575E9	1
1.40444559E9	1
1.404446421E9	1
1.404446452E9	1
1.404446558E9	1
1.404446747E9	1
1.404447085E9	1
1.404447093E9	1
1.404447504E9	1
1.404448649E9	1
1.404448722E9	1
1.404448872E9	1
1.40444906E9	1
1.404449257E9	1
1.404449846E9	1
1.404449972E9	1
1.404450284E9	1
1.404451008E9	1
1.404451552E9	1
1.404451575E9	1
1.404451613E9	1
1.404452865E9	1
1.404452936E9	1
1.404453088E9	1
1.40445329E9	1
1.404453534E9	1
1.404453703E9	1
1.404453816E9	1
1.404453861E9	1
1.404454075E9	1
1.404454145E9	1
1.404454679E9	1
1.40445562E9	1
1.404456087E9	1
1.404457117E9	1
1.404457142E9	1
1.404457554E9	1
1.40445785E9	1
1.404457928E9	1
1.404457948E9	1
1.404458017E9	1
1.404459289E9	1
1.404459789E9	1
1.404459924E9	1
1.404460238E9	1
1.404460279E9	1
1.404460857E9	1
1.404460995E9	1
1.404461162E9	1
1.404461521E9	1
1.404462037E9	1
1.404462071E9	1
1.404462344E9	1
1.404462855E9	1
1.404462963E9	1
1.404463073E9	1
1.404463076E9	1
1.404463123E9	1
1.404463177E9	1
1.404463191E9	1
1.404463224E9	1
1.404463378E9	1
1.404463502E9	1
1.404463798E9	1
1.404463953E9	1
1.404464002E9	1
1.404464301E9	1
1.404464346E9	1
1.40446445E9	1
1.404464458E9	1
1.404464655E9	1
1.40446472E9	1
1.40446505E9	1
1.404465264E9	1
1.404465447E9	1
1.404465733E9	1
1.404465757E9	1
1.404466152E9	1
1.4044665E9	1
1.404466654E9	1
1.404466664E9	1
1.40446676E9	1
1.404467994E9	1
1.404468041E9	1
1.404468288E9	1
1.404468507E9	1
1.404468673E9	1
1.404468814E9	1
1.404468935E9	1
1.404469003E9	1
1.40446959E9	1
1.404469841E9	1
1.404470352E9	1
1.404470408E9	1
1.404470494E9	1
1.404470762E9	1
1.404470981E9	1
1.404471046E9	1
1.404471245E9	1
1.404471466E9	1
1.404471613E9	1
1.404471901E9	1
1.404472139E9	1
1.404472563E9	1
1.404472634E9	1
1.404472843E9	1
1.404473031E9	1
1.404473173E9	1
1.404473649E9	1
1.404473939E9	1
1.404473955E9	1
1.40447402E9	1
1.404474281E9	1
1.404474486E9	1
1.404474503E9	1
1.40447644E9	1
1.404476491E9	1
1.404476705E9	1
1.404476947E9	1
1.404477193E9	1
1.404477429E9	1
1.40447766E9	1
1.404477758E9	1
1.404477849E9	1
1.40447785E9	1
1.404478215E9	1
1.404479406E9	1
1.404479606E9	1
1.404480067E9	1
1.404483427E9	1
1.40448377E9	1
1.404484416E9	1
1.404485435E9	1
1.404486019E9	1
1.404486246E9	1
1.404487558E9	1
1.404488093E9	1
1.404488643E9	1
1.404489196E9	1
1.404489802E9	1
1.404490934E9	1
1.404493038E9	1
1.404493824E9	1
1.404494471E9	1
1.404495337E9	1
1.404495583E9	1
1.404496243E9	1
1.404497763E9	1
1.404498065E9	1
1.404498822E9	1
1.404499196E9	1
1.40449957E9	1
1.404500558E9	1
1.404501241E9	1
1.404501739E9	1
1.404503109E9	1
1.404503312E9	1
1.404503686E9	1
1.404503763E9	1
1.404504925E9	1
1.404504948E9	1
1.404505526E9	1
1.404505767E9	1
1.404505837E9	1
1.404506138E9	1
1.40450717E9	1
1.404507218E9	1
1.404507391E9	1
1.404507458E9	1
1.404507582E9	1
1.404508047E9	1
1.404508583E9	1
1.404508712E9	1
1.404508939E9	1
1.404509721E9	1
1.404510363E9	1
1.404510825E9	1
1.404510961E9	1
1.4045115E9	1
1.404511642E9	1
1.404511644E9	1
1.404511688E9	1
1.404512124E9	1
1.404513049E9	1
1.40451335E9	1
1.404513845E9	1
1.404514448E9	1
1.404514739E9	1
1.404515295E9	1
1.404515508E9	1
1.404515831E9	1
1.404516852E9	1
1.404516929E9	1
1.404518677E9	1
1.404519421E9	1
1.404519643E9	1
1.404521048E9	1
1.404521562E9	1
1.404522033E9	1
1.404522456E9	1
1.404523564E9	1
1.404524593E9	1
1.404525091E9	1
1.404527546E9	1
1.404528444E9	1
1.404533162E9	1
1.404534261E9	1
1.404535486E9	1
1.40453622E9	1
1.404536611E9	1
1.404536665E9	1
1.404538873E9	1
1.404539305E9	1
1.404539798E9	1
1.404540566E9	1
1.40454079E9	1
1.404541002E9	1
1.404543936E9	1
1.404545371E9	1
1.404546066E9	1
1.404547245E9	1
1.404547431E9	1
1.404547901E9	1
1.404549614E9	1
1.404551121E9	1
1.404551172E9	1
1.40455143E9	1
1.404552292E9	1
1.404552903E9	1
1.404555586E9	1
1.404556979E9	1
1.404560125E9	1
1.404561003E9	1
1.404575112E9	1
1.404579538E9	1
1.404583773E9	1
1.404585404E9	1
1.404585993E9	1
1.404587022E9	1
1.404590811E9	1
1.404597079E9	1
1.404598364E9	1
1.404599108E9	1
1.404602016E9	1
1.404602274E9	1
1.404603255E9	1
1.404603697E9	1
1.404610022E9	1
1.404613857E9	1
1.404620118E9	1
1.404620536E9	1
1.404623244E9	1
1.404626002E9	1
1.404634848E9	1
1.404635475E9	1
1.404636151E9	1
1.404646564E9	1
1.404668321E9	1
1.404672437E9	1
1.404677972E9	1
1.404679445E9	1
1.404680251E9	1
1.404691096E9	1
1.404695763E9	1
1.404708651E9	1
1.404715119E9	1
1.404715604E9	1
1.404737881E9	1
1.40475205E9	1
1.404763221E9	1
1.404770253E9	1
1.404771683E9	1
1.404780231E9	1
1.404780566E9	1
1.404780679E9	1
1.404781262E9	1
1.404782258E9	1
1.404782282E9	1
1.404782299E9	1
1.40478237E9	1
1.404782446E9	1
1.40478259E9	1
1.404783189E9	1
1.404783342E9	1
1.404783374E9	1
1.40478346E9	1
1.404783572E9	1
1.404783641E9	1
1.404784107E9	1
1.404784368E9	1
1.404784471E9	1
1.404784498E9	1
1.40478453E9	1
1.404784643E9	1
1.404784751E9	1
1.404784761E9	1
1.404784768E9	1
1.404784821E9	1
1.404784986E9	1
1.404785133E9	1
1.404785368E9	1
1.404785426E9	1
1.404785509E9	1
1.404786214E9	1
1.404786438E9	1
1.404786956E9	1
1.404787827E9	1
1.404788642E9	1
1.404788816E9	1
1.404788982E9	1
1.404789515E9	1
1.404789637E9	1
1.404789647E9	1
1.404790454E9	1
1.404790595E9	1
1.404794788E9	1
1.404795823E9	1
1.404796164E9	1
1.404803663E9	1
1.404809074E9	1
1.404830926E9	1
1.404846626E9	1
1.404846724E9	1
1.404860731E9	1
1.404875189E9	1
1.404879827E9	1
1.404927898E9	1
1.404952363E9	1
1.404957739E9	1
1.404984822E9	1
1.405028961E9	1
1.405032758E9	1
1.405066613E9	1
1.405126275E9	1
1.405138858E9	1
1.405178147E9	1
1.405364605E9	1
1.405378889E9	1
1.405411599E9	1
1.405429249E9	1
1.40543165E9	1
1.405431745E9	1
1.405438432E9	1
1.405442635E9	1
1.40545042E9	1
1.40545129E9	1
1.405455755E9	1
1.405462597E9	1
1.405470436E9	1
1.405476831E9	1
1.405477294E9	1
1.405483295E9	1
1.405491777E9	1
1.405492459E9	1
1.405493502E9	1
1.405493597E9	1
1.405493702E9	1
1.405494958E9	1
1.405496164E9	1
1.405496378E9	1
1.405496581E9	1
1.405496815E9	1
1.405497769E9	1
1.405498684E9	1
1.405499869E9	1
1.40550322E9	1
1.405505298E9	1
1.405509407E9	1
1.405510688E9	1
1.405513131E9	1
1.405518985E9	1
1.405521026E9	1
1.405532773E9	1
1.405532846E9	1
1.405533668E9	1
1.405541665E9	1
1.405544719E9	1
1.405544879E9	1
1.405545093E9	1
1.405550363E9	1
1.40555126E9	1
1.405552759E9	1
1.405562949E9	1
1.405597786E9	1
1.405628643E9	1
1.405630825E9	1
1.405637807E9	1
1.405641517E9	1
1.40571451E9	1
1.405840179E9	1
1.405870184E9	1
1.405972469E9	1
1.406061345E9	1
1.406242439E9	1
1.406450713E9	1
1.406710802E9	1
1.407203997E9	1
1.407260709E9	1
1.40727418E9	1
1.407275664E9	1
1.407284473E9	1
1.407329236E9	1
1.407362123E9	1
1.407367032E9	1
1.407374219E9	1
1.407376757E9	1
1.407378807E9	1
1.407386956E9	1
1.407389244E9	1
1.407391344E9	1
1.407394443E9	1
1.407394819E9	1
1.407395422E9	1
1.407401085E9	1
1.407402949E9	1
1.407406556E9	1
1.407410317E9	1
1.407421547E9	1
1.407424217E9	1
1.407426145E9	1
1.407427972E9	1
1.40743361E9	1
1.40743424E9	1
1.407438362E9	1
1.407439167E9	1
1.407441675E9	1
1.407443913E9	1
1.407445116E9	1
1.4074484E9	1
1.407453384E9	1
1.407457607E9	1
1.407459756E9	1
1.407460323E9	1
1.407460481E9	1
1.407461288E9	1
1.407465181E9	1
1.407465736E9	1
1.407466107E9	1
1.407471241E9	1
1.407475215E9	1
1.407475572E9	1
1.407476511E9	1
1.407479E9	1
1.407479001E9	1
1.407481219E9	1
1.407482224E9	1
1.407483143E9	1
1.407484315E9	1
1.407485949E9	1
1.407486177E9	1
1.407486349E9	1
1.407487997E9	1
1.407492268E9	1
1.407493899E9	1
1.407494357E9	1
1.407495498E9	1
1.407497184E9	1
1.407497856E9	1
1.407498125E9	1
1.407499156E9	1
1.407499805E9	1
1.407501277E9	1
1.407501889E9	1
1.407503778E9	1
1.407506119E9	1
1.407506207E9	1
1.407506388E9	1
1.407506984E9	1
1.407507593E9	1
1.407507934E9	1
1.407509211E9	1
1.407515022E9	1
1.407515594E9	1
1.407519704E9	1
1.407521178E9	1
1.407523715E9	1
1.407527974E9	1
1.407535598E9	1
1.407536166E9	1
1.407537653E9	1
1.407537915E9	1
1.407547621E9	1
1.407550782E9	1
1.407551112E9	1
1.407617564E9	1
1.407627331E9	1
1.407627905E9	1
1.407641135E9	1
1.407644085E9	1
1.407646985E9	1
1.40765266E9	1
1.407680465E9	1
1.407686551E9	1
1.407687641E9	1
1.407687678E9	1
1.407688381E9	1
1.407688976E9	1
1.407689886E9	1
1.407689902E9	1
1.407690302E9	1
1.407690951E9	1
1.407691988E9	1
1.407692974E9	1
1.407695695E9	1
1.407699449E9	1
1.407699749E9	1
1.407700779E9	1
1.407702834E9	1
1.407703271E9	1
1.407715547E9	1
1.40771865E9	1
1.407718986E9	1
1.407719245E9	1
1.407719826E9	1
1.407720766E9	1
1.407727826E9	1
1.407729141E9	1
1.407735928E9	1
1.407737205E9	1
1.407740428E9	1
1.407742783E9	1
1.407752999E9	1
1.407759764E9	1
1.40776699E9	1
1.407782529E9	1
1.407804182E9	1
1.407805838E9	1
1.407807364E9	1
1.407812662E9	1
1.407816812E9	1
1.4078241E9	1
1.407843387E9	1
1.40785103E9	1
1.408051845E9	1
1.408119352E9	1
1.408159391E9	1
1.408725466E9	1
1.408727495E9	1
1.408906325E9	1
1.40890798E9	1
1.408908094E9	1
1.408908705E9	1
1.408909155E9	1
1.408909994E9	1
1.408910312E9	1
1.40891125E9	1
1.408911331E9	1
1.408911703E9	1
1.408911772E9	1
1.408911963E9	1
1.408911963E9	1
1.408912593E9	1
1.408912896E9	1
1.408912971E9	1
1.408913006E9	1
1.408913603E9	1
1.408913746E9	1
1.408913779E9	1
1.408913936E9	1
1.40891398E9	1
1.408914091E9	1
1.408914114E9	1
1.408914119E9	1
1.408914306E9	1
1.408914611E9	1
1.40891477E9	1
1.408914841E9	1
1.408914905E9	1
1.408914935E9	1
1.408914953E9	1
1.408914958E9	1
1.408915198E9	1
1.408915483E9	1
1.408915505E9	1
1.408915593E9	1
1.408915629E9	1
1.408916121E9	1
1.408916152E9	1
1.408916335E9	1
1.408916475E9	1
1.408916624E9	1
1.408916658E9	1
1.408916857E9	1
1.408916901E9	1
1.40891708E9	1
1.408917502E9	1
1.408917665E9	1
1.408917881E9	1
1.408918102E9	1
1.40891812E9	1
1.408918416E9	1
1.408918446E9	1
1.408918599E9	1
1.408918696E9	1
1.408918768E9	1
1.408918828E9	1
1.408918943E9	1
1.408919119E9	1
1.408919172E9	1
1.408919226E9	1
1.408919274E9	1
1.408919285E9	1
1.408919352E9	1
1.408919398E9	1
1.408919461E9	1
1.408919587E9	1
1.408919713E9	1
1.408919853E9	1
1.408919993E9	1
1.408920166E9	1
1.408920623E9	1
1.408920732E9	1
1.408921105E9	1
1.408921136E9	1
1.408921161E9	1
1.408921413E9	1
1.408921416E9	1
1.408921425E9	1
1.408921441E9	1
1.40892151E9	1
1.40892161E9	1
1.408921843E9	1
1.408921968E9	1
1.408922179E9	1
1.408922207E9	1
1.408922331E9	1
1.408922352E9	1
1.408922424E9	1
1.408922471E9	1
1.408922592E9	1
1.40892262E9	1
1.408922645E9	1
1.408922779E9	1
1.408922905E9	1
1.408922933E9	1
1.408923136E9	1
1.408923159E9	1
1.408923234E9	1
1.408923244E9	1
1.408923321E9	1
1.408923333E9	1
1.408923511E9	1
1.408923528E9	1
1.408923676E9	1
1.408923899E9	1
1.408923931E9	1
1.408923968E9	1
1.408924064E9	1
1.408924068E9	1
1.40892418E9	1
1.408924239E9	1
1.408924635E9	1
1.408924747E9	1
1.40892493E9	1
1.408925033E9	1
1.408925171E9	1
1.408925185E9	1
1.408925355E9	1
1.40892551E9	1
1.408925549E9	1
1.408925881E9	1
1.408925967E9	1
1.408926039E9	1
1.408926146E9	1
1.408926315E9	1
1.408926495E9	1
1.408926681E9	1
1.408926687E9	1
1.408926846E9	1
1.408926909E9	1
1.408927106E9	1
1.40892772E9	1
1.40892782E9	1
1.408927941E9	1
1.408927955E9	1
1.40892804E9	1
1.408928137E9	1
1.408928379E9	1
1.408928398E9	1
1.408928533E9	1
1.40892878E9	1
1.408928904E9	1
1.408929081E9	1
1.408929153E9	1
1.408929161E9	1
1.408929549E9	1
1.408929578E9	1
1.40892958E9	1
1.408929832E9	1
1.408930006E9	1
1.408930097E9	1
1.408930098E9	1
1.408930138E9	1
1.408930609E9	1
1.408930809E9	1
1.408930882E9	1
1.408930911E9	1
1.408931148E9	1
1.408931182E9	1
1.408931237E9	1
1.408931286E9	1
1.408931544E9	1
1.408931592E9	1
1.40893163E9	1
1.408931879E9	1
1.408932221E9	1
1.408932498E9	1
1.408932588E9	1
1.408932729E9	1
1.408932998E9	1
1.408933054E9	1
1.408933104E9	1
1.408933336E9	1
1.408933352E9	1
1.408933372E9	1
1.408933485E9	1
1.408933705E9	1
1.408933705E9	1
1.408933714E9	1
1.408933756E9	1
1.408933857E9	1
1.408934025E9	1
1.408934114E9	1
1.408934136E9	1
1.408934157E9	1
1.408934262E9	1
1.408934905E9	1
1.408935015E9	1
1.408935134E9	1
1.408935243E9	1
1.408935269E9	1
1.408935279E9	1
1.4089353E9	1
1.408935375E9	1
1.408935443E9	1
1.408936205E9	1
1.408936217E9	1
1.408936223E9	1
1.408936638E9	1
1.40893664E9	1
1.408936643E9	1
1.408936842E9	1
1.408936891E9	1
1.408937133E9	1
1.408937182E9	1
1.408937401E9	1
1.408937419E9	1
1.408937432E9	1
1.408937767E9	1
1.408937777E9	1
1.408938057E9	1
1.408938073E9	1
1.40893815E9	1
1.408938185E9	1
1.408940028E9	1
1.40894007E9	1
1.408940119E9	1
1.408940802E9	1
1.408941106E9	1
1.408941531E9	1
1.408941559E9	1
1.408941706E9	1
1.408942142E9	1
1.408942145E9	1
1.408943181E9	1
1.408943606E9	1
1.408943719E9	1
1.408943837E9	1
1.408944008E9	1
1.408944115E9	1
1.408944207E9	1
1.408944628E9	1
1.408945259E9	1
1.40894528E9	1
1.408945482E9	1
1.40894554E9	1
1.408945935E9	1
1.408946116E9	1
1.408946254E9	1
1.408947049E9	1
1.408947171E9	1
1.40894752E9	1
1.408947995E9	1
1.408949469E9	1
1.40895052E9	1
1.40895118E9	1
1.408951612E9	1
1.408952564E9	1
1.408953748E9	1
1.408954015E9	1
1.408955089E9	1
1.408955301E9	1
1.408955374E9	1
1.408955786E9	1
1.408957775E9	1
1.408957785E9	1
1.408958706E9	1
1.408963326E9	1
1.408963388E9	1
1.408963436E9	1
1.408963873E9	1
1.40896456E9	1
1.408965122E9	1
1.408965211E9	1
1.408966495E9	1
1.408966667E9	1
1.408966687E9	1
1.408966914E9	1
1.408967611E9	1
1.408968932E9	1
1.408969916E9	1
1.408970403E9	1
1.408971209E9	1
1.408972057E9	1
1.408972931E9	1
1.408973165E9	1
1.408977589E9	1
1.408979719E9	1
1.408980288E9	1
1.408987119E9	1
1.408989314E9	1
1.408989527E9	1
1.40899136E9	1
1.40899147E9	1
1.408992238E9	1
1.408992772E9	1
1.408995587E9	1
1.408999519E9	1
1.40900019E9	1
1.409000254E9	1
1.409002207E9	1
1.409002414E9	1
1.409003513E9	1
1.409004726E9	1
1.409005299E9	1
1.409006312E9	1
1.409008457E9	1
1.409009151E9	1
1.409011508E9	1
1.409011946E9	1
1.409013927E9	1
1.409014093E9	1
1.409014902E9	1
1.409015469E9	1
1.40901684E9	1
1.409016993E9	1
1.409017035E9	1
1.409018066E9	1
1.409019575E9	1
1.409019954E9	1
1.409020011E9	1
1.40902089E9	1
1.409021807E9	1
1.40902295E9	1
1.409024288E9	1
1.409024309E9	1
1.409024732E9	1
1.409025147E9	1
1.409025411E9	1
1.40902553E9	1
1.409028217E9	1
1.409028711E9	1
1.409028823E9	1
1.409029692E9	1
1.409032025E9	1
1.409034142E9	1
1.409034258E9	1
1.409034433E9	1
1.409034516E9	1
1.409037751E9	1
1.4090384E9	1
1.409038708E9	1
1.409039215E9	1
1.409042241E9	1
1.409042468E9	1
1.409044007E9	1
1.409047628E9	1
1.409049535E9	1
1.409050743E9	1
1.40905434E9	1
1.409056087E9	1
1.409057139E9	1
1.409057936E9	1
1.409064255E9	1
1.409066924E9	1
1.409067335E9	1
1.409081764E9	1
1.409081878E9	1
1.409082042E9	1
1.40908222E9	1
1.409082797E9	1
1.409083847E9	1
1.409084599E9	1
1.409084971E9	1
1.409085482E9	1
1.409088696E9	1
1.409089834E9	1
1.409089948E9	1
1.409090961E9	1
1.409092978E9	1
1.409094741E9	1
1.409096844E9	1
1.409098078E9	1
1.409098713E9	1
1.409099259E9	1
1.409101553E9	1
1.409102181E9	1
1.409103591E9	1
1.409105024E9	1
1.409106658E9	1
1.409107145E9	1
1.409108895E9	1
1.40910959E9	1
1.409109852E9	1
1.409109866E9	1
1.409110937E9	1
1.409111363E9	1
1.409111503E9	1
1.409111575E9	1
1.409111575E9	1
1.409112385E9	1
1.409113518E9	1
1.40911545E9	1
1.409116479E9	1
1.409116796E9	1
1.409118614E9	1
1.409119211E9	1
1.409122346E9	1
1.409124347E9	1
1.409124661E9	1
1.409126945E9	1
1.409128433E9	1
1.40912878E9	1
1.409129252E9	1
1.409132833E9	1
1.409135524E9	1
1.409135869E9	1
1.409140205E9	1
1.409142034E9	1
1.409143312E9	1
1.409151871E9	1
1.409168586E9	1
1.409169289E9	1
1.409171047E9	1
1.409176881E9	1
1.409179675E9	1
1.409183008E9	1
1.409185472E9	1
1.409185571E9	1
1.409189277E9	1
1.409190024E9	1
1.409190986E9	1
1.409192356E9	1
1.409192592E9	1
1.40919381E9	1
1.409196556E9	1
1.409198189E9	1
1.409199429E9	1
1.409201998E9	1
1.40920202E9	1
1.409202495E9	1
1.409202961E9	1
1.409203976E9	1
1.409204357E9	1
1.409204977E9	1
1.409206437E9	1
1.409206826E9	1
1.40921086E9	1
1.409211192E9	1
1.409212718E9	1
1.409213363E9	1
1.409215448E9	1
1.40921806E9	1
1.409220515E9	1
1.409221154E9	1
1.409224556E9	1
1.409225082E9	1
1.409226731E9	1
1.40922714E9	1
1.40923458E9	1
1.409235161E9	1
1.409235257E9	1
1.409235956E9	1
1.409236077E9	1
1.409238737E9	1
1.409252525E9	1
1.4092595E9	1
1.409261055E9	1
1.409262592E9	1
1.40926446E9	1
1.409264799E9	1
1.409268881E9	1
1.409272662E9	1
1.409274011E9	1
1.409276585E9	1
1.40927761E9	1
1.409282576E9	1
1.409284367E9	1
1.409287331E9	1
1.409288193E9	1
1.409295061E9	1
1.409299436E9	1
1.409303435E9	1
1.409306125E9	1
1.409310511E9	1
1.409315476E9	1
1.409343008E9	1
1.409353945E9	1
1.409358514E9	1
1.409360783E9	1
1.409364757E9	1
1.409366488E9	1
1.409367919E9	1
1.409368861E9	1
1.409369185E9	1
1.409370504E9	1
1.40937569E9	1
1.40937645E9	1
1.409376458E9	1
1.409378335E9	1
1.409379835E9	1
1.409386368E9	1
1.409386704E9	1
1.409387049E9	1
1.409389223E9	1
1.409390102E9	1
1.409399556E9	1
1.409436106E9	1
1.409436614E9	1
1.40944317E9	1
1.4094453E9	1
1.409446378E9	1
1.409458427E9	1
1.409473396E9	1
1.409477317E9	1
1.409504277E9	1
1.409514857E9	1
1.409531385E9	1
1.409535065E9	1
1.409537469E9	1
1.409546498E9	1
1.409565362E9	1
1.409609557E9	1
1.409626626E9	1
1.409632899E9	1
1.409643665E9	1
1.409659849E9	1
1.409699955E9	1
1.409701918E9	1
1.40970202E9	1
1.409704861E9	1
1.409709161E9	1
1.409713009E9	1
1.409776735E9	1
1.409786131E9	1
1.409790122E9	1
1.409795913E9	1
1.409813361E9	1
1.409825171E9	1
1.409833366E9	1
1.4098421E9	1
1.409842227E9	1
1.409847743E9	1
1.409848865E9	1
1.409849532E9	1
1.409849869E9	1
1.409854001E9	1
1.409854896E9	1
1.40985702E9	1
1.409857472E9	1
1.409858483E9	1
1.409866222E9	1
1.409867098E9	1
1.409874866E9	1
1.40987742E9	1
1.409877534E9	1
1.409883186E9	1
1.409885231E9	1
1.409909211E9	1
1.409913657E9	1
1.409916491E9	1
1.409925396E9	1
1.409927372E9	1
1.409927808E9	1
1.40992909E9	1
1.40993028E9	1
1.409930409E9	1
1.409930524E9	1
1.409931748E9	1
1.40993189E9	1
1.409933693E9	1
1.409933723E9	1
1.409934301E9	1
1.409934772E9	1
1.409935206E9	1
1.409935738E9	1
1.409935814E9	1
1.409941512E9	1
1.409942649E9	1
1.409943446E9	1
1.409943848E9	1
1.409943875E9	1
1.409944005E9	1
1.409944075E9	1
1.40994499E9	1
1.409949303E9	1
1.409950056E9	1
1.409952945E9	1
1.409954937E9	1
1.409955715E9	1
1.409959253E9	1
1.409960241E9	1
1.409960328E9	1
1.409963005E9	1
1.409965678E9	1
1.409971385E9	1
1.409979349E9	1
1.409980607E9	1
1.409985525E9	1
1.40998759E9	1
1.409996773E9	1
1.410001856E9	1
1.410009899E9	1
1.410011643E9	1
1.410013817E9	1
1.410015828E9	1
1.410017621E9	1
1.410017654E9	1
1.410019475E9	1
1.410021301E9	1
1.410023433E9	1
1.410023584E9	1
1.410023664E9	1
1.410024356E9	1
1.410026354E9	1
1.41002675E9	1
1.410026809E9	1
1.410027645E9	1
1.410028847E9	1
1.410031377E9	1
1.41003261E9	1
1.41003286E9	1
1.410033864E9	1
1.410034092E9	1
1.410034449E9	1
1.410034927E9	1
1.410035228E9	1
1.410035565E9	1
1.410036826E9	1
1.41003696E9	1
1.410037674E9	1
1.410037811E9	1
1.410038448E9	1
1.410038887E9	1
1.410040245E9	1
1.410040924E9	1
1.410041236E9	1
1.410041887E9	1
1.410042175E9	1
1.410042971E9	1
1.410043299E9	1
1.410043814E9	1
1.410046042E9	1
1.410046266E9	1
1.41004654E9	1
1.410046924E9	1
1.410047365E9	1
1.41004834E9	1
1.410051687E9	1
1.410051838E9	1
1.410052108E9	1
1.410052763E9	1
1.410053134E9	1
1.410053247E9	1
1.410053363E9	1
1.410054587E9	1
1.410055101E9	1
1.410055535E9	1
1.410055557E9	1
1.410055647E9	1
1.410055733E9	1
1.410055871E9	1
1.410056162E9	1
1.410056789E9	1
1.410057215E9	1
1.410057492E9	1
1.41005774E9	1
1.410057886E9	1
1.410057964E9	1
1.410058095E9	1
1.410058215E9	1
1.410058719E9	1
1.410059033E9	1
1.410059191E9	1
1.410060014E9	1
1.410061815E9	1
1.410062079E9	1
1.410062916E9	1
1.410063412E9	1
1.410063427E9	1
1.410063611E9	1
1.410064433E9	1
1.410064815E9	1
1.410066543E9	1
1.410067813E9	1
1.410068938E9	1
1.410069522E9	1
1.410070583E9	1
1.41007063E9	1
1.410070779E9	1
1.410071177E9	1
1.410071288E9	1
1.410071908E9	1
1.410072449E9	1
1.410072874E9	1
1.410076168E9	1
1.410077296E9	1
1.410077729E9	1
1.41007902E9	1
1.410079885E9	1
1.410079921E9	1
1.410080373E9	1
1.410080377E9	1
1.410082475E9	1
1.410085024E9	1
1.410086056E9	1
1.410087067E9	1
1.410087518E9	1
1.410087854E9	1
1.410087908E9	1
1.410088644E9	1
1.410090162E9	1
1.410090693E9	1
1.41009078E9	1
1.410091371E9	1
1.410091457E9	1
1.410092658E9	1
1.410092787E9	1
1.410092814E9	1
1.4100929E9	1
1.410093132E9	1
1.410094721E9	1
1.410094739E9	1
1.410094761E9	1
1.410094805E9	1
1.41009482E9	1
1.41009486E9	1
1.41009495E9	1
1.410095189E9	1
1.410095225E9	1
1.41009601E9	1
1.410097639E9	1
1.410098016E9	1
1.410098048E9	1
1.410098107E9	1
1.410098308E9	1
1.410099093E9	1
1.410099111E9	1
1.410099149E9	1
1.410099173E9	1
1.410099239E9	1
1.410099314E9	1
1.410099509E9	1
1.410099517E9	1
1.410099854E9	1
1.410099944E9	1
1.410100144E9	1
1.410100307E9	1
1.410100399E9	1
1.410100619E9	1
1.410100778E9	1
1.410100881E9	1
1.4101009E9	1
1.410100938E9	1
1.410101726E9	1
1.410101948E9	1
1.410101962E9	1
1.410102173E9	1
1.410102591E9	1
1.410102598E9	1
1.410102696E9	1
1.410102841E9	1
1.410102879E9	1
1.410102889E9	1
1.410103009E9	1
1.410103127E9	1
1.410103152E9	1
1.410103663E9	1
1.410103807E9	1
1.410104162E9	1
1.410104459E9	1
1.410104814E9	1
1.410104933E9	1
1.410105494E9	1
1.410105713E9	1
1.410106085E9	1
1.410106365E9	1
1.410106618E9	1
1.410106794E9	1
1.410106979E9	1
1.410107033E9	1
1.410107504E9	1
1.410107598E9	1
1.410107663E9	1
1.410108436E9	1
1.410108613E9	1
1.410108666E9	1
1.410108815E9	1
1.410108922E9	1
1.410109119E9	1
1.410109249E9	1
1.410109559E9	1
1.410109689E9	1
1.410109734E9	1
1.410109749E9	1
1.410109973E9	1
1.410109992E9	1
1.410110369E9	1
1.410110609E9	1
1.410110695E9	1
1.410110859E9	1
1.410110983E9	1
1.410110987E9	1
1.410111064E9	1
1.410111092E9	1
1.410111217E9	1
1.41011129E9	1
1.410111316E9	1
1.410111499E9	1
1.410111751E9	1
1.410112164E9	1
1.410112738E9	1
1.410112872E9	1
1.410112934E9	1
1.410113083E9	1
1.410113085E9	1
1.410113215E9	1
1.410113738E9	1
1.410113912E9	1
1.410113986E9	1
1.410114143E9	1
1.410114156E9	1
1.410114785E9	1
1.410114951E9	1
1.410114966E9	1
1.410115202E9	1
1.410115277E9	1
1.410115371E9	1
1.410115443E9	1
1.410115531E9	1
1.410115627E9	1
1.410116257E9	1
1.41011657E9	1
1.410116719E9	1
1.410116951E9	1
1.410117115E9	1
1.410117249E9	1
1.410117632E9	1
1.4101177E9	1
1.410118174E9	1
1.410118376E9	1
1.410118642E9	1
1.410118855E9	1
1.410119792E9	1
1.410119838E9	1
1.41012012E9	1
1.410120152E9	1
1.41012021E9	1
1.410120424E9	1
1.410120565E9	1
1.410120727E9	1
1.410121007E9	1
1.410121016E9	1
1.410121276E9	1
1.410121347E9	1
1.410121398E9	1
1.410121586E9	1
1.410122791E9	1
1.410123031E9	1
1.410123172E9	1
1.410123375E9	1
1.410123406E9	1
1.410123584E9	1
1.410123661E9	1
1.41012403E9	1
1.410124051E9	1
1.410124476E9	1
1.410125394E9	1
1.410125635E9	1
1.410125709E9	1
1.410125958E9	1
1.41012646E9	1
1.410126574E9	1
1.410126882E9	1
1.410127086E9	1
1.410127867E9	1
1.410128215E9	1
1.410128259E9	1
1.410128515E9	1
1.410128728E9	1
1.410128817E9	1
1.410128877E9	1
1.410129299E9	1
1.410129411E9	1
1.410129458E9	1
1.410129776E9	1
1.410129862E9	1
1.410130179E9	1
1.410130363E9	1
1.410130408E9	1
1.410130597E9	1
1.410130631E9	1
1.410131019E9	1
1.410131336E9	1
1.410131518E9	1
1.410131733E9	1
1.410131752E9	1
1.41013202E9	1
1.410132442E9	1
1.410132474E9	1
1.410133229E9	1
1.410133336E9	1
1.410133432E9	1
1.410133477E9	1
1.410134002E9	1
1.410134217E9	1
1.410134303E9	1
1.410134476E9	1
1.410134494E9	1
1.410134692E9	1
1.410134762E9	1
1.410134931E9	1
1.410135039E9	1
1.41013526E9	1
1.410135373E9	1
1.41013539E9	1
1.410135484E9	1
1.410135629E9	1
1.410135808E9	1
1.410135908E9	1
1.410135938E9	1
1.410136792E9	1
1.410136804E9	1
1.410136944E9	1
1.410137031E9	1
1.410137141E9	1
1.410137582E9	1
1.410137591E9	1
1.410137882E9	1
1.410138004E9	1
1.410138243E9	1
1.410138563E9	1
1.410138657E9	1
1.410138834E9	1
1.410139195E9	1
1.410139278E9	1
1.410139401E9	1
1.410139933E9	1
1.410140327E9	1
1.410140902E9	1
1.410140951E9	1
1.410141024E9	1
1.410141138E9	1
1.410141697E9	1
1.410141737E9	1
1.410142177E9	1
1.410142984E9	1
1.410143071E9	1
1.410143147E9	1
1.41014334E9	1
1.410143546E9	1
1.410143577E9	1
1.410143726E9	1
1.410144585E9	1
1.410144771E9	1
1.410144812E9	1
1.410144917E9	1
1.410144969E9	1
1.410145586E9	1
1.410145613E9	1
1.410145722E9	1
1.41014661E9	1
1.41014675E9	1
1.410146786E9	1
1.410147147E9	1
1.410147199E9	1
1.410147406E9	1
1.410147474E9	1
1.410147913E9	1
1.410148516E9	1
1.41014992E9	1
1.410150099E9	1
1.410150889E9	1
1.410151713E9	1
1.410151738E9	1
1.410151823E9	1
1.41015212E9	1
1.410152135E9	1
1.41015247E9	1
1.410153447E9	1
1.410153468E9	1
1.410153484E9	1
1.41015364E9	1
1.410154008E9	1
1.410158219E9	1
1.410158326E9	1
1.410162423E9	1
1.410162521E9	1
1.410162812E9	1
1.410162879E9	1
1.410164318E9	1
1.410164839E9	1
1.410165892E9	1
1.410166204E9	1
1.410166785E9	1
1.410168102E9	1
1.410168394E9	1
1.410168723E9	1
1.410169348E9	1
1.410170338E9	1
1.410170559E9	1
1.410170615E9	1
1.410170744E9	1
1.410170867E9	1
1.410170921E9	1
1.410171448E9	1
1.410171766E9	1
1.410171826E9	1
1.410171932E9	1
1.410172416E9	1
1.410172603E9	1
1.410173658E9	1
1.41017378E9	1
1.410173823E9	1
1.4101739E9	1
1.410174543E9	1
1.410174864E9	1
1.41017525E9	1
1.410175454E9	1
1.410175858E9	1
1.410177709E9	1
1.410177737E9	1
1.410177826E9	1
1.410178943E9	1
1.410179204E9	1
1.410179311E9	1
1.41017978E9	1
1.410180292E9	1
1.410180491E9	1
1.41018075E9	1
1.410180902E9	1
1.41018093E9	1
1.410180936E9	1
1.410181183E9	1
1.410181282E9	1
1.410181614E9	1
1.410181678E9	1
1.410181985E9	1
1.410182076E9	1
1.410182492E9	1
1.410182575E9	1
1.410182672E9	1
1.410182702E9	1
1.410183693E9	1
1.410184008E9	1
1.410184195E9	1
1.410184276E9	1
1.410184359E9	1
1.410184511E9	1
1.410184576E9	1
1.410184677E9	1
1.410184763E9	1
1.410184836E9	1
1.410185239E9	1
1.410185273E9	1
1.410185702E9	1
1.410185796E9	1
1.410185813E9	1
1.410186167E9	1
1.41018664E9	1
1.41018703E9	1
1.410187049E9	1
1.410187483E9	1
1.410187491E9	1
1.410187885E9	1
1.410187962E9	1
1.410188326E9	1
1.410188338E9	1
1.4101884E9	1
1.410188683E9	1
1.410188743E9	1
1.410188962E9	1
1.4101892E9	1
1.41018924E9	1
1.410191092E9	1
1.410191337E9	1
1.41019134E9	1
1.410191481E9	1
1.410191659E9	1
1.410191778E9	1
1.410192462E9	1
1.410192726E9	1
1.41019337E9	1
1.410193385E9	1
1.410193587E9	1
1.410193813E9	1
1.410194018E9	1
1.410194428E9	1
1.410194485E9	1
1.410194682E9	1
1.410195209E9	1
1.410195343E9	1
1.410195554E9	1
1.410196783E9	1
1.410196871E9	1
1.410196993E9	1
1.410197011E9	1
1.410197207E9	1
1.410197284E9	1
1.410197586E9	1
1.410197756E9	1
1.410198181E9	1
1.410198649E9	1
1.41019892E9	1
1.410199215E9	1
1.410199264E9	1
1.410199292E9	1
1.410199352E9	1
1.410199864E9	1
1.410200075E9	1
1.410201028E9	1
1.410201408E9	1
1.410201428E9	1
1.410201915E9	1
1.410202262E9	1
1.410202797E9	1
1.410202842E9	1
1.410202914E9	1
1.410203234E9	1
1.410203254E9	1
1.410203367E9	1
1.410203436E9	1
1.410203437E9	1
1.410203483E9	1
1.410203573E9	1
1.410203739E9	1
1.410203771E9	1
1.410203863E9	1
1.410203918E9	1
1.41020394E9	1
1.410204576E9	1
1.410205036E9	1
1.410205232E9	1
1.410205445E9	1
1.410205811E9	1
1.410205869E9	1
1.410206364E9	1
1.410206977E9	1
1.410207133E9	1
1.410207385E9	1
1.410207437E9	1
1.410207487E9	1
1.410207518E9	1
1.41020776E9	1
1.410207827E9	1
1.410208056E9	1
1.410208589E9	1
1.410208661E9	1
1.410209107E9	1
1.410209108E9	1
1.410209217E9	1
1.410209455E9	1
1.410210134E9	1
1.410210144E9	1
1.410210427E9	1
1.410210544E9	1
1.410210609E9	1
1.410210732E9	1
1.410210804E9	1
1.410211259E9	1
1.410211367E9	1
1.410211407E9	1
1.410211416E9	1
1.410211432E9	1
1.410212027E9	1
1.41021286E9	1
1.410212979E9	1
1.410213107E9	1
1.4102136E9	1
1.41021432E9	1
1.410214356E9	1
1.41021477E9	1
1.410214971E9	1
1.410215191E9	1
1.410215708E9	1
1.410215745E9	1
1.410215784E9	1
1.410215844E9	1
1.410215975E9	1
1.410216864E9	1
1.410217789E9	1
1.410218162E9	1
1.410218368E9	1
1.410218965E9	1
1.410219006E9	1
1.41021908E9	1
1.41021958E9	1
1.410220282E9	1
1.410220311E9	1
1.41022036E9	1
1.410221328E9	1
1.410221718E9	1
1.410221722E9	1
1.410222118E9	1
1.410222404E9	1
1.410222522E9	1
1.410222949E9	1
1.410223088E9	1
1.410223226E9	1
1.41022416E9	1
1.410224417E9	1
1.410224779E9	1
1.410225054E9	1
1.410225136E9	1
1.410225481E9	1
1.410225487E9	1
1.410225623E9	1
1.410225875E9	1
1.410226793E9	1
1.410227548E9	1
1.410227703E9	1
1.410227725E9	1
1.410227757E9	1
1.410228067E9	1
1.410228102E9	1
1.410228174E9	1
1.410228337E9	1
1.41022857E9	1
1.410229075E9	1
1.410229608E9	1
1.410229894E9	1
1.410229932E9	1
1.410230024E9	1
1.410230388E9	1
1.410230891E9	1
1.410230911E9	1
1.410231157E9	1
1.410232072E9	1
1.410232225E9	1
1.410232243E9	1
1.410232651E9	1
1.410232718E9	1
1.410233049E9	1
1.41023323E9	1
1.41023357E9	1
1.410233873E9	1
1.410233929E9	1
1.410234058E9	1
1.410234085E9	1
1.41023584E9	1
1.410236259E9	1
1.410236506E9	1
1.410237443E9	1
1.410238911E9	1
1.41024117E9	1
1.41024127E9	1
1.410242238E9	1
1.410243211E9	1
1.410246677E9	1
1.410249647E9	1
1.41025222E9	1
1.410252995E9	1
1.410254518E9	1
1.410254704E9	1
1.410254887E9	1
1.410254966E9	1
1.410255146E9	1
1.410255459E9	1
1.410257729E9	1
1.410257864E9	1
1.41025793E9	1
1.41025793E9	1
1.410257944E9	1
1.410258262E9	1
1.410258577E9	1
1.410258949E9	1
1.410259156E9	1
1.410259288E9	1
1.410259711E9	1
1.410259812E9	1
1.41026002E9	1
1.410260576E9	1
1.41026133E9	1
1.410261348E9	1
1.410261517E9	1
1.410261537E9	1
1.410261645E9	1
1.410261665E9	1
1.410261812E9	1
1.410262056E9	1
1.410262851E9	1
1.410263315E9	1
1.410263352E9	1
1.410263398E9	1
1.410264202E9	1
1.410264208E9	1
1.410264218E9	1
1.410264728E9	1
1.41026528E9	1
1.410265327E9	1
1.410265636E9	1
1.410265649E9	1
1.410266464E9	1
1.410266533E9	1
1.410266593E9	1
1.41026746E9	1
1.410267944E9	1
1.410268042E9	1
1.410269282E9	1
1.410269661E9	1
1.410271188E9	1
1.410271413E9	1
1.410271573E9	1
1.41027168E9	1
1.410271804E9	1
1.410272041E9	1
1.410272398E9	1
1.410272647E9	1
1.410272797E9	1
1.410272816E9	1
1.410272833E9	1
1.410272888E9	1
1.410273014E9	1
1.410273035E9	1
1.410274131E9	1
1.41027424E9	1
1.410274343E9	1
1.410274867E9	1
1.410275123E9	1
1.410275136E9	1
1.41027519E9	1
1.410275335E9	1
1.410275818E9	1
1.410276136E9	1
1.410276449E9	1
1.410276455E9	1
1.410276499E9	1
1.410277018E9	1
1.410277395E9	1
1.410277673E9	1
1.410277715E9	1
1.410278777E9	1
1.410278851E9	1
1.41027889E9	1
1.410278919E9	1
1.410278992E9	1
1.410279024E9	1
1.410279128E9	1
1.410280058E9	1
1.410280612E9	1
1.410280774E9	1
1.410280797E9	1
1.410281356E9	1
1.410281442E9	1
1.410281632E9	1
1.41028188E9	1
1.410281932E9	1
1.410282325E9	1
1.410282556E9	1
1.410282824E9	1
1.410282841E9	1
1.410283113E9	1
1.410283171E9	1
1.410283233E9	1
1.410283703E9	1
1.410284028E9	1
1.410284125E9	1
1.410284218E9	1
1.410284366E9	1
1.410284602E9	1
1.410285039E9	1
1.410285222E9	1
1.410285862E9	1
1.410286046E9	1
1.410286188E9	1
1.41028629E9	1
1.410286367E9	1
1.410286381E9	1
1.410286426E9	1
1.410286601E9	1
1.410286745E9	1
1.410287074E9	1
1.410287442E9	1
1.41028771E9	1
1.41028774E9	1
1.410287822E9	1
1.410288036E9	1
1.410288082E9	1
1.410288179E9	1
1.410289224E9	1
1.410289624E9	1
1.410290127E9	1
1.410290203E9	1
1.41029033E9	1
1.41029034E9	1
1.410290488E9	1
1.410290555E9	1
1.410290594E9	1
1.410290667E9	1
1.410290967E9	1
1.410291571E9	1
1.410291672E9	1
1.410291682E9	1
1.410292141E9	1
1.410292148E9	1
1.410292195E9	1
1.410292725E9	1
1.410292923E9	1
1.410293449E9	1
1.410293674E9	1
1.41029383E9	1
1.410293842E9	1
1.410293855E9	1
1.41029388E9	1
1.410294268E9	1
1.410295231E9	1
1.410295299E9	1
1.410295311E9	1
1.41029557E9	1
1.410295695E9	1
1.410295855E9	1
1.410295922E9	1
1.410295939E9	1
1.410295963E9	1
1.410296151E9	1
1.410296249E9	1
1.410296468E9	1
1.410296604E9	1
1.410296773E9	1
1.410296815E9	1
1.410297219E9	1
1.410297344E9	1
1.410297441E9	1
1.410297628E9	1
1.410297756E9	1
1.410297809E9	1
1.410297895E9	1
1.410297913E9	1
1.410298317E9	1
1.410298479E9	1
1.410298605E9	1
1.410298798E9	1
1.410298908E9	1
1.410299498E9	1
1.410299774E9	1
1.410300184E9	1
1.410300337E9	1
1.41030038E9	1
1.410300582E9	1
1.410300646E9	1
1.410300655E9	1
1.410300686E9	1
1.410300921E9	1
1.410301199E9	1
1.41030142E9	1
1.410301473E9	1
1.410302146E9	1
1.410302214E9	1
1.410302407E9	1
1.410302415E9	1
1.410302495E9	1
1.410302621E9	1
1.410302685E9	1
1.410302785E9	1
1.410303036E9	1
1.410303277E9	1
1.410303281E9	1
1.410303518E9	1
1.410303663E9	1
1.410303894E9	1
1.410304018E9	1
1.41030411E9	1
1.410304124E9	1
1.410304478E9	1
1.410304614E9	1
1.410304752E9	1
1.410304863E9	1
1.41030501E9	1
1.41030515E9	1
1.410305444E9	1
1.410305812E9	1
1.410306464E9	1
1.410306625E9	1
1.410306831E9	1
1.410306965E9	1
1.410306993E9	1
1.410307348E9	1
1.410307437E9	1
1.41030775E9	1
1.410307854E9	1
1.41030802E9	1
1.410308437E9	1
1.410308551E9	1
1.41030871E9	1
1.410308898E9	1
1.410309373E9	1
1.410309635E9	1
1.41030972E9	1
1.410309906E9	1
1.410310488E9	1
1.410310569E9	1
1.41031065E9	1
1.410310695E9	1
1.410310729E9	1
1.410310859E9	1
1.410310943E9	1
1.410310964E9	1
1.410311069E9	1
1.4103112E9	1
1.410311379E9	1
1.410311862E9	1
1.410313116E9	1
1.410313761E9	1
1.410313773E9	1
1.410313868E9	1
1.410314161E9	1
1.410314257E9	1
1.410314682E9	1
1.410314718E9	1
1.410315421E9	1
1.410315636E9	1
1.410315694E9	1
1.410315734E9	1
1.410316313E9	1
1.410316338E9	1
1.41031636E9	1
1.410316557E9	1
1.410316921E9	1
1.410317184E9	1
1.410317575E9	1
1.410317766E9	1
1.410318111E9	1
1.410318511E9	1
1.410318746E9	1
1.410319406E9	1
1.410319439E9	1
1.410319487E9	1
1.41032172E9	1
1.410324182E9	1
1.410324488E9	1
1.410325334E9	1
1.410325584E9	1
1.410325882E9	1
1.410329252E9	1
1.41033139E9	1
1.410332773E9	1
1.410332938E9	1
1.410332984E9	1
1.410333716E9	1
1.410335775E9	1
1.410338075E9	1
1.410340416E9	1
1.410341229E9	1
1.410343196E9	1
1.41034333E9	1
1.410343467E9	1
1.410343535E9	1
1.410344345E9	1
1.410344696E9	1
1.41034532E9	1
1.410345566E9	1
1.410345706E9	1
1.410345893E9	1
1.410345934E9	1
1.410346286E9	1
1.410346392E9	1
1.410346457E9	1
1.410347638E9	1
1.410347799E9	1
1.410348035E9	1
1.410348333E9	1
1.410348422E9	1
1.410348672E9	1
1.41034939E9	1
1.410350178E9	1
1.41035089E9	1
1.410351053E9	1
1.410351148E9	1
1.410351202E9	1
1.410351267E9	1
1.410351356E9	1
1.410351501E9	1
1.410351614E9	1
1.410351742E9	1
1.410351816E9	1
1.410352044E9	1
1.410352253E9	1
1.410352451E9	1
1.41035261E9	1
1.410352771E9	1
1.410353103E9	1
1.410353183E9	1
1.410353421E9	1
1.410353573E9	1
1.410353685E9	1
1.410353807E9	1
1.410354175E9	1
1.410354175E9	1
1.410354243E9	1
1.410354446E9	1
1.410354477E9	1
1.410354489E9	1
1.410354535E9	1
1.410354613E9	1
1.410354647E9	1
1.410354665E9	1
1.410354819E9	1
1.410354918E9	1
1.410354923E9	1
1.410354958E9	1
1.410355011E9	1
1.410355043E9	1
1.410355224E9	1
1.410355296E9	1
1.410355543E9	1
1.410355563E9	1
1.410355662E9	1
1.410355683E9	1
1.410355693E9	1
1.410355878E9	1
1.410356107E9	1
1.410356615E9	1
1.41035698E9	1
1.410357536E9	1
1.410357549E9	1
1.410358095E9	1
1.410358876E9	1
1.410358876E9	1
1.410359264E9	1
1.410359273E9	1
1.410359354E9	1
1.410359628E9	1
1.410359678E9	1
1.410359688E9	1
1.410359705E9	1
1.41035983E9	1
1.410360007E9	1
1.410360502E9	1
1.410360572E9	1
1.410360639E9	1
1.410360656E9	1
1.410360669E9	1
1.41036067E9	1
1.410360927E9	1
1.41036102E9	1
1.410361189E9	1
1.410361211E9	1
1.410361253E9	1
1.410361478E9	1
1.410361782E9	1
1.410362017E9	1
1.410362037E9	1
1.410362118E9	1
1.410362144E9	1
1.410362146E9	1
1.41036278E9	1
1.41036313E9	1
1.410363212E9	1
1.410363262E9	1
1.410363403E9	1
1.410363718E9	1
1.410363766E9	1
1.410363817E9	1
1.410363958E9	1
1.410364239E9	1
1.410364474E9	1
1.410364605E9	1
1.410364629E9	1
1.410364659E9	1
1.410365855E9	1
1.410365904E9	1
1.410365926E9	1
1.410366036E9	1
1.410366139E9	1
1.410366253E9	1
1.410366347E9	1
1.410366623E9	1
1.410366847E9	1
1.410367048E9	1
1.410367883E9	1
1.410368005E9	1
1.410368138E9	1
1.410368209E9	1
1.410368644E9	1
1.410369655E9	1
1.410370189E9	1
1.410370421E9	1
1.4103707E9	1
1.410370928E9	1
1.410371778E9	1
1.410372194E9	1
1.410372661E9	1
1.410372686E9	1
1.410373216E9	1
1.410373417E9	1
1.410373507E9	1
1.410373558E9	1
1.410373643E9	1
1.410374144E9	1
1.410375048E9	1
1.410375221E9	1
1.410375232E9	1
1.41037524E9	1
1.410375622E9	1
1.410375623E9	1
1.410375844E9	1
1.410376069E9	1
1.410376181E9	1
1.410376771E9	1
1.41037689E9	1
1.410377622E9	1
1.410377896E9	1
1.410378017E9	1
1.410378692E9	1
1.410378963E9	1
1.410379531E9	1
1.410379733E9	1
1.410379798E9	1
1.410380368E9	1
1.41038058E9	1
1.410380585E9	1
1.410380686E9	1
1.410380872E9	1
1.410381415E9	1
1.410381575E9	1
1.410381641E9	1
1.410381664E9	1
1.410382097E9	1
1.410382655E9	1
1.410382699E9	1
1.410382963E9	1
1.410383111E9	1
1.41038313E9	1
1.410383187E9	1
1.410383208E9	1
1.410383576E9	1
1.410383886E9	1
1.410383975E9	1
1.410384088E9	1
1.410384206E9	1
1.410384508E9	1
1.410384851E9	1
1.410385608E9	1
1.410385657E9	1
1.410385791E9	1
1.410385875E9	1
1.410385897E9	1
1.410386042E9	1
1.410386234E9	1
1.4103864E9	1
1.410386952E9	1
1.410387004E9	1
1.410387057E9	1
1.410387647E9	1
1.410387703E9	1
1.410388334E9	1
1.410388341E9	1
1.410388404E9	1
1.41038843E9	1
1.410388584E9	1
1.410388815E9	1
1.410389084E9	1
1.410389293E9	1
1.410389789E9	1
1.410390468E9	1
1.410390497E9	1
1.410390707E9	1
1.410391026E9	1
1.410391294E9	1
1.410391638E9	1
1.410391881E9	1
1.410392055E9	1
1.410392436E9	1
1.410392803E9	1
1.410393018E9	1
1.410393257E9	1
1.410393459E9	1
1.410393536E9	1
1.410393575E9	1
1.410393781E9	1
1.410394041E9	1
1.410394103E9	1
1.410394287E9	1
1.410394299E9	1
1.410394342E9	1
1.410394389E9	1
1.410394861E9	1
1.410394895E9	1
1.410395151E9	1
1.410395492E9	1
1.410395686E9	1
1.41039576E9	1
1.41039599E9	1
1.410396386E9	1
1.410396457E9	1
1.410397E9	1
1.410397036E9	1
1.410397594E9	1
1.410397773E9	1
1.410397943E9	1
1.410398009E9	1
1.410398267E9	1
1.410398275E9	1
1.41039836E9	1
1.410398396E9	1
1.410398493E9	1
1.41039886E9	1
1.410399079E9	1
1.410399123E9	1
1.410399502E9	1
1.410400065E9	1
1.410400145E9	1
1.410400187E9	1
1.410400586E9	1
1.410401244E9	1
1.410401642E9	1
1.410401819E9	1
1.41040189E9	1
1.410402073E9	1
1.410402141E9	1
1.410403462E9	1
1.410404185E9	1
1.410405149E9	1
1.410405831E9	1
1.410405879E9	1
1.410406133E9	1
1.410406283E9	1
1.410406618E9	1
1.410407262E9	1
1.410408959E9	1
1.410409245E9	1
1.410409727E9	1
1.410410209E9	1
1.410411719E9	1
1.410411963E9	1
1.410415267E9	1
1.410417659E9	1
1.410423238E9	1
1.410423704E9	1
1.410424104E9	1
1.410424668E9	1
1.410425239E9	1
1.410426793E9	1
1.41042806E9	1
1.410428264E9	1
1.410428937E9	1
1.410429073E9	1
1.410429212E9	1
1.410429513E9	1
1.410430267E9	1
1.410430449E9	1
1.410430542E9	1
1.410431701E9	1
1.410431724E9	1
1.410431991E9	1
1.410432861E9	1
1.410432973E9	1
1.410433021E9	1
1.410433106E9	1
1.410433159E9	1
1.410433771E9	1
1.410434412E9	1
1.410435257E9	1
1.410435706E9	1
1.410435835E9	1
1.410435928E9	1
1.410435973E9	1
1.410436048E9	1
1.410436309E9	1
1.410436491E9	1
1.410436864E9	1
1.410436985E9	1
1.410437282E9	1
1.410437493E9	1
1.410438073E9	1
1.410438333E9	1
1.410438364E9	1
1.410438378E9	1
1.410438692E9	1
1.410439361E9	1
1.41043957E9	1
1.410439818E9	1
1.4104402E9	1
1.410440449E9	1
1.410440478E9	1
1.410440771E9	1
1.410441084E9	1
1.410441181E9	1
1.410441216E9	1
1.410441607E9	1
1.410441676E9	1
1.410441682E9	1
1.41044231E9	1
1.410442515E9	1
1.410442635E9	1
1.410443419E9	1
1.410443476E9	1
1.410444132E9	1
1.410444336E9	1
1.410444384E9	1
1.410444542E9	1
1.410444572E9	1
1.410444922E9	1
1.410445281E9	1
1.410445488E9	1
1.410445927E9	1
1.410446413E9	1
1.410446528E9	1
1.410446574E9	1
1.410446803E9	1
1.410446883E9	1
1.410446919E9	1
1.410446979E9	1
1.410447337E9	1
1.410447658E9	1
1.410447948E9	1
1.410448082E9	1
1.410448596E9	1
1.410449267E9	1
1.410449627E9	1
1.410449765E9	1
1.410450268E9	1
1.410450524E9	1
1.410450526E9	1
1.410450553E9	1
1.410450672E9	1
1.410450789E9	1
1.410450832E9	1
1.41045119E9	1
1.41045121E9	1
1.410451457E9	1
1.41045174E9	1
1.410451861E9	1
1.410452027E9	1
1.410452218E9	1
1.410452498E9	1
1.410452556E9	1
1.410452598E9	1
1.410453119E9	1
1.410453269E9	1
1.410453374E9	1
1.410453483E9	1
1.410453874E9	1
1.4104539E9	1
1.410454194E9	1
1.410455233E9	1
1.410455339E9	1
1.410455344E9	1
1.410455354E9	1
1.410455699E9	1
1.410455813E9	1
1.410456285E9	1
1.410457084E9	1
1.410457137E9	1
1.410457876E9	1
1.410458402E9	1
1.410458446E9	1
1.410458462E9	1
1.410458489E9	1
1.410458513E9	1
1.410458599E9	1
1.410458953E9	1
1.410459066E9	1
1.410459201E9	1
1.410459206E9	1
1.410459644E9	1
1.410459945E9	1
1.410460021E9	1
1.410460163E9	1
1.41046043E9	1
1.410460567E9	1
1.410460824E9	1
1.410461047E9	1
1.410461114E9	1
1.410461272E9	1
1.410461695E9	1
1.410461904E9	1
1.410462867E9	1
1.410463132E9	1
1.410463546E9	1
1.410463642E9	1
1.41046405E9	1
1.41046425E9	1
1.410464905E9	1
1.410465717E9	1
1.410465881E9	1
1.410466133E9	1
1.41046664E9	1
1.410466689E9	1
1.410467411E9	1
1.410468326E9	1
1.410468601E9	1
1.410468617E9	1
1.41046883E9	1
1.410468869E9	1
1.410468968E9	1
1.410469599E9	1
1.410469723E9	1
1.410469793E9	1
1.41047015E9	1
1.410471134E9	1
1.410471521E9	1
1.410471538E9	1
1.410471541E9	1
1.410471727E9	1
1.410471775E9	1
1.410472357E9	1
1.41047258E9	1
1.410472729E9	1
1.41047274E9	1
1.410472821E9	1
1.410473096E9	1
1.410473268E9	1
1.410473321E9	1
1.410473751E9	1
1.410473775E9	1
1.410474154E9	1
1.410474609E9	1
1.410474615E9	1
1.410474811E9	1
1.410475399E9	1
1.41047542E9	1
1.410475482E9	1
1.410475959E9	1
1.410476231E9	1
1.410476483E9	1
1.410476899E9	1
1.410477976E9	1
1.410478821E9	1
1.410478886E9	1
1.410479164E9	1
1.410479166E9	1
1.410479261E9	1
1.410480536E9	1
1.410481033E9	1
1.410481132E9	1
1.41048122E9	1
1.410481707E9	1
1.410481981E9	1
1.410481994E9	1
1.41048331E9	1
1.41048336E9	1
1.410483881E9	1
1.410483893E9	1
1.410484088E9	1
1.410484205E9	1
1.410484478E9	1
1.410484482E9	1
1.410484518E9	1
1.410484818E9	1
1.410485219E9	1
1.410486086E9	1
1.410486171E9	1
1.410486206E9	1
1.410486402E9	1
1.410486416E9	1
1.410486496E9	1
1.410486785E9	1
1.410486793E9	1
1.410486852E9	1
1.410486917E9	1
1.410487413E9	1
1.410487721E9	1
1.410488469E9	1
1.410489001E9	1
1.410489135E9	1
1.41048922E9	1
1.410489221E9	1
1.410489716E9	1
1.410490998E9	1
1.410492651E9	1
1.410492756E9	1
1.410493076E9	1
1.410497009E9	1
1.410497967E9	1
1.410499232E9	1
1.410500605E9	1
1.410509162E9	1
1.410511623E9	1
1.410513998E9	1
1.410516125E9	1
1.410518284E9	1
1.410518854E9	1
1.410518929E9	1
1.41051961E9	1
1.410520473E9	1
1.410520689E9	1
1.410520791E9	1
1.410521602E9	1
1.410521695E9	1
1.410521968E9	1
1.410522165E9	1
1.410522393E9	1
1.410522535E9	1
1.410522704E9	1
1.410522811E9	1
1.410523317E9	1
1.410523479E9	1
1.410523547E9	1
1.41052362E9	1
1.410523842E9	1
1.410523955E9	1
1.410524127E9	1
1.410525791E9	1
1.410526133E9	1
1.410526605E9	1
1.410526673E9	1
1.410526692E9	1
1.410526884E9	1
1.410527542E9	1
1.410527571E9	1
1.410527609E9	1
1.410527862E9	1
1.41052831E9	1
1.410529162E9	1
1.410529558E9	1
1.410529651E9	1
1.410530219E9	1
1.41053036E9	1
1.410530387E9	1
1.410530686E9	1
1.410530743E9	1
1.410530823E9	1
1.410531061E9	1
1.410531338E9	1
1.410531717E9	1
1.41053227E9	1
1.410532344E9	1
1.410532787E9	1
1.410533312E9	1
1.41053351E9	1
1.410534414E9	1
1.410535025E9	1
1.410535151E9	1
1.410535404E9	1
1.410535811E9	1
1.410536938E9	1
1.410537275E9	1
1.410537357E9	1
1.410537574E9	1
1.410537852E9	1
1.4105379E9	1
1.410538161E9	1
1.410538229E9	1
1.410538492E9	1
1.410538677E9	1
1.410538721E9	1
1.410538746E9	1
1.410538891E9	1
1.410539398E9	1
1.410539493E9	1
1.410539504E9	1
1.410540581E9	1
1.410541225E9	1
1.410541659E9	1
1.410542702E9	1
1.410542819E9	1
1.410542831E9	1
1.410542833E9	1
1.410542972E9	1
1.410543426E9	1
1.410543724E9	1
1.410543774E9	1
1.410544239E9	1
1.41054464E9	1
1.410545027E9	1
1.410545102E9	1
1.410545558E9	1
1.410547466E9	1
1.410548232E9	1
1.410549042E9	1
1.410549813E9	1
1.41054988E9	1
1.410549982E9	1
1.410550081E9	1
1.410550162E9	1
1.410550652E9	1
1.410551732E9	1
1.410552464E9	1
1.410552746E9	1
1.410552984E9	1
1.41055305E9	1
1.410553245E9	1
1.41055328E9	1
1.410553359E9	1
1.410553459E9	1
1.410553801E9	1
1.410553912E9	1
1.410555482E9	1
1.41055562E9	1
1.410555887E9	1
1.410556577E9	1
1.410556592E9	1
1.410558486E9	1
1.41055858E9	1
1.410558625E9	1
1.410558845E9	1
1.410559346E9	1
1.410559586E9	1
1.410560107E9	1
1.410560959E9	1
1.410561816E9	1
1.41056199E9	1
1.410562127E9	1
1.410562201E9	1
1.410562302E9	1
1.410562719E9	1
1.410562813E9	1
1.410562838E9	1
1.410563049E9	1
1.41056345E9	1
1.410564065E9	1
1.4105646E9	1
1.410564815E9	1
1.410564837E9	1
1.410566929E9	1
1.410567158E9	1
1.410567264E9	1
1.410567269E9	1
1.410567961E9	1
1.410568405E9	1
1.410568772E9	1
1.410568788E9	1
1.410568803E9	1
1.410569224E9	1
1.410569575E9	1
1.410569802E9	1
1.410570405E9	1
1.410571182E9	1
1.410571345E9	1
1.410571578E9	1
1.410571713E9	1
1.410571894E9	1
1.410572055E9	1
1.410572347E9	1
1.410572569E9	1
1.410572648E9	1
1.410572668E9	1
1.410572903E9	1
1.410573639E9	1
1.41057397E9	1
1.410574095E9	1
1.410574118E9	1
1.41057525E9	1
1.410577942E9	1
1.410578822E9	1
1.41057917E9	1
1.410580048E9	1
1.410580708E9	1
1.410582242E9	1
1.41058504E9	1
1.410586488E9	1
1.410588102E9	1
1.41059657E9	1
1.41059675E9	1
1.410597877E9	1
1.410602128E9	1
1.410602896E9	1
1.410603368E9	1
1.410603814E9	1
1.410604075E9	1
1.410604253E9	1
1.410605649E9	1
1.410606049E9	1
1.410606689E9	1
1.410606927E9	1
1.410607433E9	1
1.410607858E9	1
1.410608727E9	1
1.410609045E9	1
1.410609362E9	1
1.410609421E9	1
1.410610529E9	1
1.410610969E9	1
1.41061218E9	1
1.410612761E9	1
1.41061357E9	1
1.410613784E9	1
1.410613928E9	1
1.41061406E9	1
1.410614414E9	1
1.410614505E9	1
1.410615893E9	1
1.410616277E9	1
1.410617256E9	1
1.410617398E9	1
1.410617426E9	1
1.410617451E9	1
1.410617545E9	1
1.410617687E9	1
1.410618414E9	1
1.410618846E9	1
1.410618932E9	1
1.410619132E9	1
1.410619897E9	1
1.410620065E9	1
1.410620361E9	1
1.410620389E9	1
1.410622101E9	1
1.410622422E9	1
1.410622581E9	1
1.410623039E9	1
1.410623692E9	1
1.410623922E9	1
1.41062464E9	1
1.410624759E9	1
1.410624861E9	1
1.410625411E9	1
1.410626642E9	1
1.410627346E9	1
1.410627654E9	1
1.410629218E9	1
1.41062994E9	1
1.410630334E9	1
1.410630882E9	1
1.410631488E9	1
1.410631819E9	1
1.410632333E9	1
1.410633152E9	1
1.410633243E9	1
1.410634005E9	1
1.410634687E9	1
1.410635142E9	1
1.410635223E9	1
1.410636792E9	1
1.410637566E9	1
1.410637732E9	1
1.410637936E9	1
1.410638346E9	1
1.410640406E9	1
1.410641275E9	1
1.41064146E9	1
1.410641567E9	1
1.410641728E9	1
1.4106418E9	1
1.410641965E9	1
1.410642044E9	1
1.410642049E9	1
1.410642246E9	1
1.410643569E9	1
1.410643748E9	1
1.410644058E9	1
1.410644264E9	1
1.410644821E9	1
1.410645331E9	1
1.410645428E9	1
1.410646159E9	1
1.410646534E9	1
1.410646581E9	1
1.410646591E9	1
1.410647194E9	1
1.410647296E9	1
1.410647347E9	1
1.410647515E9	1
1.410647729E9	1
1.410649228E9	1
1.410649426E9	1
1.410649431E9	1
1.410649569E9	1
1.410649734E9	1
1.4106507E9	1
1.410651769E9	1
1.410652077E9	1
1.410652726E9	1
1.410653114E9	1
1.410653616E9	1
1.410654494E9	1
1.410655045E9	1
1.410655508E9	1
1.410655768E9	1
1.410656553E9	1
1.410656671E9	1
1.410657947E9	1
1.410658148E9	1
1.410658377E9	1
1.410659308E9	1
1.410660292E9	1
1.410661581E9	1
1.410663391E9	1
1.41066362E9	1
1.410664814E9	1
1.41066774E9	1
1.410669125E9	1
1.410669582E9	1
1.410670831E9	1
1.410671754E9	1
1.41067184E9	1
1.410684005E9	1
1.41068999E9	1
1.410689997E9	1
1.410690362E9	1
1.410691571E9	1
1.410691921E9	1
1.410692323E9	1
1.410693562E9	1
1.410693697E9	1
1.410694011E9	1
1.410695187E9	1
1.410695963E9	1
1.410696525E9	1
1.410697459E9	1
1.410697488E9	1
1.410697597E9	1
1.410699693E9	1
1.410699765E9	1
1.410700166E9	1
1.410700284E9	1
1.410700479E9	1
1.410700603E9	1
1.41070091E9	1
1.410701669E9	1
1.410702877E9	1
1.410704098E9	1
1.410704422E9	1
1.410705429E9	1
1.410707749E9	1
1.410708024E9	1
1.410708541E9	1
1.410708828E9	1
1.410709532E9	1
1.410709736E9	1
1.410710105E9	1
1.410710986E9	1
1.410711004E9	1
1.410711425E9	1
1.410711534E9	1
1.41071196E9	1
1.410714033E9	1
1.410714159E9	1
1.410714595E9	1
1.410716629E9	1
1.410716754E9	1
1.410717485E9	1
1.410717692E9	1
1.410718003E9	1
1.410718847E9	1
1.410721719E9	1
1.410722146E9	1
1.4107222E9	1
1.410722633E9	1
1.410723413E9	1
1.410723641E9	1
1.410724412E9	1
1.410725137E9	1
1.410725647E9	1
1.410727135E9	1
1.410728016E9	1
1.410728255E9	1
1.410728419E9	1
1.410728644E9	1
1.410728936E9	1
1.410729597E9	1
1.410730031E9	1
1.410730124E9	1
1.410730232E9	1
1.41073034E9	1
1.410730386E9	1
1.410730479E9	1
1.410730806E9	1
1.410731035E9	1
1.410731375E9	1
1.410731614E9	1
1.410731649E9	1
1.410731927E9	1
1.410732487E9	1
1.410733215E9	1
1.410733766E9	1
1.410733874E9	1
1.410734467E9	1
1.410735113E9	1
1.410736104E9	1
1.410736236E9	1
1.410736572E9	1
1.41073973E9	1
1.41074082E9	1
1.410741191E9	1
1.410742308E9	1
1.410743979E9	1
1.410745956E9	1
1.410746443E9	1
1.410749639E9	1
1.410749705E9	1
1.410751816E9	1
1.410752811E9	1
1.410753916E9	1
1.410757315E9	1
1.410758606E9	1
1.410762323E9	1
1.410762325E9	1
1.410764784E9	1
1.410769191E9	1
1.410771446E9	1
1.410773572E9	1
1.410773796E9	1
1.410774298E9	1
1.410775257E9	1
1.410775851E9	1
1.410776874E9	1
1.410776986E9	1
1.410777918E9	1
1.410778011E9	1
1.4107781E9	1
1.410778181E9	1
1.410779389E9	1
1.410779424E9	1
1.410779863E9	1
1.410780039E9	1
1.410780589E9	1
1.410780864E9	1
1.410782027E9	1
1.410784058E9	1
1.410784501E9	1
1.410785021E9	1
1.410785278E9	1
1.41078604E9	1
1.410786095E9	1
1.410786324E9	1
1.410786587E9	1
1.410786737E9	1
1.410786797E9	1
1.410786903E9	1
1.41078862E9	1
1.410790429E9	1
1.410790995E9	1
1.410791607E9	1
1.410792862E9	1
1.410794146E9	1
1.41079495E9	1
1.410796082E9	1
1.410796706E9	1
1.410797425E9	1
1.410797717E9	1
1.410798072E9	1
1.410799827E9	1
1.410799837E9	1
1.410801936E9	1
1.410803602E9	1
1.410803955E9	1
1.410804921E9	1
1.4108052E9	1
1.410805725E9	1
1.410807886E9	1
1.410808051E9	1
1.410808432E9	1
1.410810974E9	1
1.410811012E9	1
1.41081235E9	1
1.41081458E9	1
1.410815188E9	1
1.410815748E9	1
1.410816351E9	1
1.410816409E9	1
1.410816552E9	1
1.410816605E9	1
1.410816709E9	1
1.410818409E9	1
1.410819214E9	1
1.410820329E9	1
1.410820989E9	1
1.410821608E9	1
1.41082183E9	1
1.410822496E9	1
1.410823076E9	1
1.41082347E9	1
1.410825006E9	1
1.410825332E9	1
1.410825378E9	1
1.410826071E9	1
1.410826443E9	1
1.410826623E9	1
1.410826919E9	1
1.410827296E9	1
1.410827843E9	1
1.410828146E9	1
1.410828592E9	1
1.410829195E9	1
1.410829345E9	1
1.410830307E9	1
1.410830455E9	1
1.410831083E9	1
1.410831703E9	1
1.410831789E9	1
1.410831994E9	1
1.410832536E9	1
1.410832674E9	1
1.410832806E9	1
1.410832958E9	1
1.410833456E9	1
1.41083433E9	1
1.410834632E9	1
1.410834841E9	1
1.4108349E9	1
1.410835357E9	1
1.410835981E9	1
1.410836247E9	1
1.410836532E9	1
1.410836589E9	1
1.410836764E9	1
1.410837062E9	1
1.410837757E9	1
1.410839589E9	1
1.410839927E9	1
1.410841578E9	1
1.410842303E9	1
1.410843244E9	1
1.410844496E9	1
1.41084484E9	1
1.410848257E9	1
1.410848483E9	1
1.410848884E9	1
1.410849102E9	1
1.410850829E9	1
1.410851908E9	1
1.410852539E9	1
1.410853453E9	1
1.410853985E9	1
1.410855123E9	1
1.41085561E9	1
1.410856535E9	1
1.410858123E9	1
1.410858633E9	1
1.410860113E9	1
1.410860366E9	1
1.410862076E9	1
1.410862249E9	1
1.410863159E9	1
1.410865253E9	1
1.410865596E9	1
1.410865864E9	1
1.410867209E9	1
1.410867599E9	1
1.410868203E9	1
1.410869165E9	1
1.410870097E9	1
1.410871142E9	1
1.41087203E9	1
1.410872133E9	1
1.410872299E9	1
1.410872423E9	1
1.410872646E9	1
1.410873202E9	1
1.410875256E9	1
1.410876843E9	1
1.410878938E9	1
1.41087894E9	1
1.410880265E9	1
1.410882141E9	1
1.410883903E9	1
1.410884821E9	1
1.410887079E9	1
1.410888983E9	1
1.410889627E9	1
1.410889666E9	1
1.410890894E9	1
1.410891296E9	1
1.410892412E9	1
1.410893376E9	1
1.410893676E9	1
1.410893908E9	1
1.410898088E9	1
1.41089838E9	1
1.410898866E9	1
1.410900235E9	1
1.410900556E9	1
1.410902629E9	1
1.410903604E9	1
1.410903784E9	1
1.410903898E9	1
1.410905412E9	1
1.410906961E9	1
1.410907139E9	1
1.410908672E9	1
1.410908863E9	1
1.410908994E9	1
1.410909635E9	1
1.410911386E9	1
1.410911454E9	1
1.410911544E9	1
1.410912064E9	1
1.410912979E9	1
1.410913895E9	1
1.410914821E9	1
1.410915812E9	1
1.410916715E9	1
1.410917021E9	1
1.410918194E9	1
1.410918497E9	1
1.410918917E9	1
1.410919164E9	1
1.410919524E9	1
1.410920482E9	1
1.410920509E9	1
1.410922349E9	1
1.41092281E9	1
1.41092484E9	1
1.410925411E9	1
1.410927615E9	1
1.410928696E9	1
1.410936222E9	1
1.410944332E9	1
1.410945955E9	1
1.410946018E9	1
1.410946685E9	1
1.410946717E9	1
1.410947506E9	1
1.410949044E9	1
1.410949255E9	1
1.410949314E9	1
1.410951069E9	1
1.410951559E9	1
1.410951817E9	1
1.410954895E9	1
1.410955471E9	1
1.41095576E9	1
1.410957282E9	1
1.410957504E9	1
1.410957562E9	1
1.410957638E9	1
1.410958852E9	1
1.410958866E9	1
1.410959288E9	1
1.41096313E9	1
1.410964579E9	1
1.410967471E9	1
1.410970155E9	1
1.410971822E9	1
1.410974376E9	1
1.410976746E9	1
1.41097688E9	1
1.41097785E9	1
1.41097892E9	1
1.410979095E9	1
1.410981975E9	1
1.410982264E9	1
1.410984449E9	1
1.4109856E9	1
1.410989669E9	1
1.410990854E9	1
1.410995392E9	1
1.410996264E9	1
1.41099838E9	1
1.410998504E9	1
1.411000217E9	1
1.411000331E9	1
1.411001299E9	1
1.411002154E9	1
1.411004766E9	1
1.411005261E9	1
1.411008934E9	1
1.411013054E9	1
1.411014303E9	1
1.411017885E9	1
1.41102095E9	1
1.411021629E9	1
1.411022959E9	1
1.41102304E9	1
1.411028271E9	1
1.411029279E9	1
1.411032559E9	1
1.411034264E9	1
1.41103607E9	1
1.411038249E9	1
1.411038337E9	1
1.411039371E9	1
1.411039965E9	1
1.411042826E9	1
1.411043287E9	1
1.411043646E9	1
1.411044456E9	1
1.411046362E9	1
1.41104894E9	1
1.411049434E9	1
1.411049695E9	1
1.411055087E9	1
1.411060083E9	1
1.41106478E9	1
1.411066501E9	1
1.411069743E9	1
1.411070864E9	1
1.411071112E9	1
1.411072291E9	1
1.411072943E9	1
1.411073246E9	1
1.411074448E9	1
1.411075435E9	1
1.411076904E9	1
1.41107953E9	1
1.411081038E9	1
1.411083316E9	1
1.411084878E9	1
1.411086449E9	1
1.411087342E9	1
1.411088531E9	1
1.411093113E9	1
1.411098742E9	1
1.411099569E9	1
1.411107204E9	1
1.411107985E9	1
1.411109053E9	1
1.411114267E9	1
1.411115464E9	1
1.411130598E9	1
1.411130661E9	1
1.411131642E9	1
1.411136318E9	1
1.411139076E9	1
1.411139743E9	1
1.411142643E9	1
1.41114266E9	1
1.411143298E9	1
1.411143733E9	1
1.41114496E9	1
1.411145315E9	1
1.411146312E9	1
1.411150865E9	1
1.411151507E9	1
1.411153241E9	1
1.411153342E9	1
1.41115418E9	1
1.411158255E9	1
1.41115836E9	1
1.41115887E9	1
1.411159192E9	1
1.411161081E9	1
1.411161257E9	1
1.411162514E9	1
1.411163133E9	1
1.411165421E9	1
1.41116559E9	1
1.411165957E9	1
1.411166793E9	1
1.411168812E9	1
1.411169321E9	1
1.41117236E9	1
1.411172738E9	1
1.411173326E9	1
1.411173469E9	1
1.411173623E9	1
1.41117367E9	1
1.411174141E9	1
1.411174776E9	1
1.411178256E9	1
1.411180162E9	1
1.411188891E9	1
1.411190154E9	1
1.411191098E9	1
1.411195523E9	1
1.41119796E9	1
1.411200057E9	1
1.411203031E9	1
1.41120565E9	1
1.411207535E9	1
1.41120867E9	1
1.41121027E9	1
1.411212622E9	1
1.411213689E9	1
1.411213787E9	1
1.411214298E9	1
1.411214419E9	1
1.411215863E9	1
1.411216617E9	1
1.411216666E9	1
1.411217721E9	1
1.41121791E9	1
1.411220102E9	1
1.411223129E9	1
1.41122625E9	1
1.411229423E9	1
1.411230962E9	1
1.411231942E9	1
1.411233907E9	1
1.411234618E9	1
1.411236701E9	1
1.411236812E9	1
1.411237474E9	1
1.411244414E9	1
1.411245102E9	1
1.411246225E9	1
1.411247249E9	1
1.411250557E9	1
1.411254036E9	1
1.411254294E9	1
1.411254369E9	1
1.411258251E9	1
1.411258638E9	1
1.411258654E9	1
1.411262277E9	1
1.4112646E9	1
1.411265479E9	1
1.411266307E9	1
1.411271643E9	1
1.411286999E9	1
1.411294183E9	1
1.411296633E9	1
1.411298438E9	1
1.411298696E9	1
1.411302597E9	1
1.411302786E9	1
1.411303339E9	1
1.411303657E9	1
1.411303743E9	1
1.411304292E9	1
1.411306991E9	1
1.411310097E9	1
1.411312313E9	1
1.411312348E9	1
1.411313282E9	1
1.411313287E9	1
1.411313365E9	1
1.411313538E9	1
1.41131447E9	1
1.411314848E9	1
1.411315219E9	1
1.411316184E9	1
1.411316584E9	1
1.41131714E9	1
1.411317902E9	1
1.411318632E9	1
1.411320501E9	1
1.411320964E9	1
1.411324015E9	1
1.411329126E9	1
1.411329547E9	1
1.41133411E9	1
1.411334603E9	1
1.411340629E9	1
1.411341735E9	1
1.411347263E9	1
1.411352416E9	1
1.411356836E9	1
1.411362874E9	1
1.411373825E9	1
1.411374296E9	1
1.411385838E9	1
1.411393549E9	1
1.411394676E9	1
1.411400755E9	1
1.411404991E9	1
1.411410907E9	1
1.411420134E9	1
1.411444192E9	1
1.411455945E9	1
1.411462662E9	1
1.411462893E9	1
1.41147629E9	1
1.411479922E9	1
1.411480018E9	1
1.411480459E9	1
1.411482622E9	1
1.411485526E9	1
1.411485608E9	1
1.411485676E9	1
1.411488184E9	1
1.411490745E9	1
1.411491182E9	1
1.411491687E9	1
1.411496676E9	1
1.411498823E9	1
1.411500379E9	1
1.411502125E9	1
1.411504173E9	1
1.411506329E9	1
1.411508091E9	1
1.411509907E9	1
1.411516255E9	1
1.41153E9	1
1.411554448E9	1
1.411557312E9	1
1.41155965E9	1
1.411571582E9	1
1.411572856E9	1
1.411574258E9	1
1.411574629E9	1
1.411588902E9	1
1.411588923E9	1
1.411592395E9	1
1.411596658E9	1
1.411597168E9	1
1.411598117E9	1
1.411598364E9	1
1.411599625E9	1
1.41160102E9	1
1.411601028E9	1
1.411603258E9	1
1.411603633E9	1
1.411603775E9	1
1.411604549E9	1
1.411610322E9	1
1.411614716E9	1
1.411626762E9	1
1.411644742E9	1
1.411645744E9	1
1.411674895E9	1
1.411675795E9	1
1.411677759E9	1
1.411680602E9	1
1.411681265E9	1
1.411684605E9	1
1.411688887E9	1
1.411690985E9	1
1.411691573E9	1
1.411701333E9	1
1.41170236E9	1
1.411706894E9	1
1.411714119E9	1
1.411722697E9	1
1.411723164E9	1
1.411728866E9	1
1.411728889E9	1
1.411733092E9	1
1.411743208E9	1
1.411743596E9	1
1.411760592E9	1
1.411763933E9	1
1.411766317E9	1
1.411769822E9	1
1.411773815E9	1
1.41177657E9	1
1.411778177E9	1
1.411800438E9	1
1.41180636E9	1
1.411823056E9	1
1.411824002E9	1
1.411830269E9	1
1.411842789E9	1
1.411844905E9	1
1.411848575E9	1
1.411855386E9	1
1.411859868E9	1
1.411869174E9	1
1.41187129E9	1
1.411874319E9	1
1.411882977E9	1
1.411901211E9	1
1.411905774E9	1
1.411912646E9	1
1.411913734E9	1
1.41191395E9	1
1.411917058E9	1
1.411918682E9	1
1.411919672E9	1
1.411920629E9	1
1.411924661E9	1
1.411931827E9	1
1.411942283E9	1
1.411946041E9	1
1.411971437E9	1
1.411975947E9	1
1.411987282E9	1
1.411988656E9	1
1.411993361E9	1
1.411993502E9	1
1.411996493E9	1
1.411999894E9	1
1.412016727E9	1
1.412017232E9	1
1.412028558E9	1
1.412032452E9	1
1.412034055E9	1
1.412046528E9	1
1.412053624E9	1
1.412076028E9	1
1.412078147E9	1
1.412093254E9	1
1.41210661E9	1
1.412118206E9	1
1.412122073E9	1
1.412124948E9	1
1.412126282E9	1
1.412126853E9	1
1.412152713E9	1
1.412163288E9	1
1.412177248E9	1
1.41217744E9	1
1.412178472E9	1
1.41221231E9	1
1.41224043E9	1
1.412276511E9	1
1.412290604E9	1
1.412296228E9	1
1.412297638E9	1
1.41229997E9	1
1.412312791E9	1
1.412327745E9	1
1.412347498E9	1
1.412378218E9	1
1.412379212E9	1
1.412421796E9	1
1.412425553E9	1
1.41247678E9	1
1.412517213E9	1
1.412527823E9	1
1.412535622E9	1
1.41253645E9	1
1.412540178E9	1
1.412543009E9	1
1.412586837E9	1
1.412606905E9	1
1.412635662E9	1
1.412654458E9	1
1.412694085E9	1
1.412708572E9	1
1.412717837E9	1
1.412720183E9	1
1.412723972E9	1
1.412724864E9	1
1.412728701E9	1
1.412730018E9	1
1.412735616E9	1
1.41276309E9	1
1.412852166E9	1
1.41288361E9	1
1.412895466E9	1
1.412899753E9	1
1.412902144E9	1
1.412949918E9	1
1.412955538E9	1
1.412966853E9	1
1.412974115E9	1
1.41297683E9	1
1.412977183E9	1
1.413005236E9	1
1.413015587E9	1
1.413067883E9	1
1.413117017E9	1
1.413119047E9	1
1.413163799E9	1
1.413201427E9	1
1.413218411E9	1
1.413221086E9	1
1.413234385E9	1
1.413240739E9	1
1.413248059E9	1
1.413248342E9	1
1.41326569E9	1
1.413287809E9	1
1.413313241E9	1
1.413317942E9	1
1.413318447E9	1
1.413346987E9	1
1.413353071E9	1
1.413390431E9	1
1.413421557E9	1
1.41342383E9	1
1.413428708E9	1
1.413433901E9	1
1.413468051E9	1
1.413487292E9	1
1.413488872E9	1
1.413490922E9	1
1.413492628E9	1
1.413511561E9	1
1.413518216E9	1
1.413527817E9	1
1.413529446E9	1
1.413535624E9	1
1.413551262E9	1
1.41355655E9	1
1.41355668E9	1
1.413558421E9	1
1.413562268E9	1
1.413571161E9	1
1.413580632E9	1
1.41358224E9	1
1.413583668E9	1
1.413584393E9	1
1.413585764E9	1
1.413588137E9	1
1.413589158E9	1
1.413594299E9	1
1.413594793E9	1
1.413594897E9	1
1.413597217E9	1
1.413597308E9	1
1.413598984E9	1
1.413600147E9	1
1.413600705E9	1
1.413601487E9	1
1.413601849E9	1
1.413602275E9	1
1.41360468E9	1
1.413605801E9	1
1.413606002E9	1
1.413606065E9	1
1.413607557E9	1
1.413608185E9	1
1.413608952E9	1
1.413612671E9	1
1.413616296E9	1
1.413616932E9	1
1.413619869E9	1
1.413621944E9	1
1.413625392E9	1
1.413633089E9	1
1.413633437E9	1
1.413637131E9	1
1.413648116E9	1
1.413651474E9	1
1.413652468E9	1
1.413656061E9	1
1.413662378E9	1
1.413668332E9	1
1.413669849E9	1
1.413679039E9	1
1.413694566E9	1
1.413694822E9	1
1.413695754E9	1
1.413696377E9	1
1.413706936E9	1
1.413712449E9	1
1.413713519E9	1
1.41371741E9	1
1.413718251E9	1
1.413725785E9	1
1.413731727E9	1
1.413731962E9	1
1.413735034E9	1
1.413748391E9	1
1.413748822E9	1
1.413750475E9	1
1.413762464E9	1
1.413767624E9	1
1.413772808E9	1
1.413775725E9	1
1.413775867E9	1
1.413782464E9	1
1.413783444E9	1
1.413800713E9	1
1.413813127E9	1
1.413826756E9	1
1.413827191E9	1
1.413829399E9	1
1.413831165E9	1
1.413831996E9	1
1.413836345E9	1
1.413842117E9	1
1.413843739E9	1
1.413844567E9	1
1.413845379E9	1
1.413845752E9	1
1.413846504E9	1
1.413847148E9	1
1.413850698E9	1
1.41385552E9	1
1.413855608E9	1
1.413855677E9	1
1.413856048E9	1
1.413857595E9	1
1.413859739E9	1
1.413861436E9	1
1.413864743E9	1
1.413868666E9	1
1.413870631E9	1
1.413871583E9	1
1.413874991E9	1
1.413884374E9	1
1.413887118E9	1
1.413889362E9	1
1.413891961E9	1
1.413895551E9	1
1.413896228E9	1
1.413896941E9	1
1.413898613E9	1
1.413898649E9	1
1.413899291E9	1
1.413900736E9	1
1.413901144E9	1
1.413901385E9	1
1.413901825E9	1
1.413901841E9	1
1.413901917E9	1
1.413902366E9	1
1.413903482E9	1
1.413903716E9	1
1.41390416E9	1
1.413904553E9	1
1.413904604E9	1
1.413905169E9	1
1.413905704E9	1
1.41390574E9	1
1.413905835E9	1
1.41390589E9	1
1.413906144E9	1
1.413907878E9	1
1.413908333E9	1
1.413908548E9	1
1.413908551E9	1
1.413908726E9	1
1.413909066E9	1
1.413909308E9	1
1.413909566E9	1
1.413909602E9	1
1.413909964E9	1
1.413910639E9	1
1.413911873E9	1
1.413912557E9	1
1.413912576E9	1
1.413912751E9	1
1.41391382E9	1
1.413914748E9	1
1.413916162E9	1
1.413916513E9	1
1.413916795E9	1
1.413917192E9	1
1.413917214E9	1
1.413917722E9	1
1.413917968E9	1
1.413918063E9	1
1.413918613E9	1
1.413919126E9	1
1.413919374E9	1
1.41392024E9	1
1.413920357E9	1
1.413920411E9	1
1.413921382E9	1
1.413921583E9	1
1.413921669E9	1
1.413921708E9	1
1.413923132E9	1
1.41392357E9	1
1.41392535E9	1
1.413925524E9	1
1.413925702E9	1
1.413926046E9	1
1.413926488E9	1
1.413926729E9	1
1.413927281E9	1
1.413927688E9	1
1.41392783E9	1
1.41392788E9	1
1.413928079E9	1
1.413928953E9	1
1.413930982E9	1
1.413931708E9	1
1.413932172E9	1
1.413932397E9	1
1.413933367E9	1
1.413933891E9	1
1.413934762E9	1
1.413934763E9	1
1.413934787E9	1
1.413935206E9	1
1.413935321E9	1
1.413935417E9	1
1.413935456E9	1
1.413935686E9	1
1.413935718E9	1
1.413936071E9	1
1.413936563E9	1
1.413936644E9	1
1.413936746E9	1
1.413937017E9	1
1.413937788E9	1
1.413938489E9	1
1.413939256E9	1
1.413939669E9	1
1.413939838E9	1
1.413940163E9	1
1.413940656E9	1
1.413942738E9	1
1.413945418E9	1
1.413946867E9	1
1.413950292E9	1
1.413953004E9	1
1.413953046E9	1
1.413953692E9	1
1.413955627E9	1
1.413962532E9	1
1.413966076E9	1
1.413967176E9	1
1.413967604E9	1
1.41397202E9	1
1.413981039E9	1
1.413983708E9	1
1.413983737E9	1
1.413986255E9	1
1.41398982E9	1
1.413991928E9	1
1.413993056E9	1
1.413993606E9	1
1.413996032E9	1
1.413998479E9	1
1.414003319E9	1
1.41400369E9	1
1.414003776E9	1
1.414006766E9	1
1.414007995E9	1
1.414010529E9	1
1.414012598E9	1
1.414016012E9	1
1.414016013E9	1
1.414016093E9	1
1.414019232E9	1
1.414032449E9	1
1.414036941E9	1
1.414038871E9	1
1.41404119E9	1
1.414042973E9	1
1.414052006E9	1
1.414056204E9	1
1.414059249E9	1
1.414061412E9	1
1.414063447E9	1
1.41407139E9	1
1.414073406E9	1
1.414081178E9	1
1.414085648E9	1
1.414086936E9	1
1.414088324E9	1
1.414094242E9	1
1.414104489E9	1
1.414107011E9	1
1.414108217E9	1
1.414109577E9	1
1.414115184E9	1
1.414116315E9	1
1.414118505E9	1
1.414123188E9	1
1.414125856E9	1
1.414127897E9	1
1.414130165E9	1
1.414142598E9	1
1.414152455E9	1
1.414155505E9	1
1.414162576E9	1
1.41416398E9	1
1.414164085E9	1
1.414167401E9	1
1.41417965E9	1
1.414180245E9	1
1.414189729E9	1
1.414193563E9	1
1.414204579E9	1
1.414207712E9	1
1.41421042E9	1
1.414211776E9	1
1.414214467E9	1
1.414215673E9	1
1.414224186E9	1
1.414232183E9	1
1.414239736E9	1
1.414247997E9	1
1.414271706E9	1
1.41427511E9	1
1.414286676E9	1
1.414291092E9	1
1.414293018E9	1
1.414294064E9	1
1.414302141E9	1
1.414317427E9	1
1.414345431E9	1
1.414347779E9	1
1.414361709E9	1
1.414369871E9	1
1.414372833E9	1
1.414375435E9	1
1.414393583E9	1
1.414446411E9	1
1.414486819E9	1
1.414511846E9	1
1.414591845E9	1
1.414879009E9	1
1.415081988E9	1
1.415098948E9	1
1.415176179E9	1
1.415188873E9	1
1.415200906E9	1
1.41520917E9	1
1.415214016E9	1
1.415311689E9	1
1.415396023E9	1
1.415448374E9	1
1.415466339E9	1
1.415491109E9	1
1.415496337E9	1
1.415497025E9	1
1.415568328E9	1
1.415654978E9	1
1.415707842E9	1
1.415721005E9	1
1.415842824E9	1
1.415938216E9	1
1.416073938E9	1
1.416250553E9	1
1.416258129E9	1
1.416314157E9	1
1.416394833E9	1
1.416493391E9	1
1.416788916E9	1
1.416873602E9	1
1.416931237E9	1
1.417329634E9	1
1.417381549E9	1
1.417477224E9	1
1.41763282E9	1
1.417641416E9	1
1.417645771E9	1
1.417647836E9	1
1.417648143E9	1
1.41767127E9	1
1.417685485E9	1
1.417705922E9	1
1.417706887E9	1
1.417713757E9	1
1.417714537E9	1
1.417717339E9	1
1.41772001E9	1
1.417721622E9	1
1.417723167E9	1
1.417725268E9	1
1.417731125E9	1
1.417732597E9	1
1.417735208E9	1
1.417751103E9	1
1.417755742E9	1
1.41775946E9	1
1.417764368E9	1
1.417764947E9	1
1.417766254E9	1
1.417766309E9	1
1.417766719E9	1
1.417766913E9	1
1.417767096E9	1
1.417770226E9	1
1.417771587E9	1
1.417773812E9	1
1.417777927E9	1
1.417778333E9	1
1.417781562E9	1
1.417782421E9	1
1.417783273E9	1
1.417788191E9	1
1.417788983E9	1
1.417789334E9	1
1.417789534E9	1
1.417789585E9	1
1.417794126E9	1
1.417794214E9	1
1.417798492E9	1
1.417800351E9	1
1.417806732E9	1
1.417808627E9	1
1.417809091E9	1
1.417809182E9	1
1.417810251E9	1
1.417811329E9	1
1.417811967E9	1
1.417814645E9	1
1.417816187E9	1
1.417816407E9	1
1.417818757E9	1
1.417824848E9	1
1.417826384E9	1
1.417833889E9	1
1.417840452E9	1
1.417843265E9	1
1.417846216E9	1
1.417847111E9	1
1.417852904E9	1
1.417854018E9	1
1.417857735E9	1
1.417859057E9	1
1.417860219E9	1
1.417862438E9	1
1.417872712E9	1
1.417876925E9	1
1.417881668E9	1
1.417882011E9	1
1.417883E9	1
1.417883152E9	1
1.41788616E9	1
1.417887642E9	1
1.417887786E9	1
1.417891414E9	1
1.41789412E9	1
1.417899827E9	1
1.417900232E9	1
1.417900327E9	1
1.417901502E9	1
1.417901921E9	1
1.417903E9	1
1.417907653E9	1
1.417907858E9	1
1.417908891E9	1
1.417913299E9	1
1.417919771E9	1
1.417924631E9	1
1.417924835E9	1
1.417927406E9	1
1.417932754E9	1
1.417937348E9	1
1.417937936E9	1
1.417940168E9	1
1.41794075E9	1
1.417941674E9	1
1.417942531E9	1
1.417942866E9	1
1.417944228E9	1
1.417945038E9	1
1.41794725E9	1
1.417948404E9	1
1.417950874E9	1
1.417954285E9	1
1.417957201E9	1
1.417962962E9	1
1.417964676E9	1
1.41796472E9	1
1.417965937E9	1
1.417967636E9	1
1.417970069E9	1
1.417970794E9	1
1.417973716E9	1
1.417974669E9	1
1.417974872E9	1
1.417975419E9	1
1.41797669E9	1
1.417977814E9	1
1.417982079E9	1
1.417985603E9	1
1.41798839E9	1
1.417994822E9	1
1.417996056E9	1
1.418002289E9	1
1.418004892E9	1
1.418008408E9	1
1.41801168E9	1
1.418012436E9	1
1.418016541E9	1
1.418019784E9	1
1.41802382E9	1
1.418025012E9	1
1.418034911E9	1
1.418036137E9	1
1.418038239E9	1
1.418040596E9	1
1.418044861E9	1
1.418046074E9	1
1.418052257E9	1
1.418053228E9	1
1.418054833E9	1
1.418055877E9	1
1.418058577E9	1
1.418060411E9	1
1.418060718E9	1
1.418063838E9	1
1.418066087E9	1
1.418069428E9	1
1.418072312E9	1
1.418075597E9	1
1.418075678E9	1
1.418085439E9	1
1.418092222E9	1
1.418093464E9	1
1.418095215E9	1
1.418098006E9	1
1.418101674E9	1
1.418105191E9	1
1.418108479E9	1
1.418114732E9	1
1.418115918E9	1
1.418119813E9	1
1.418125373E9	1
1.418162721E9	1
1.418174468E9	1
1.418181138E9	1
1.418187691E9	1
1.418217681E9	1
1.418219378E9	1
1.418256346E9	1
1.418257586E9	1
1.418395404E9	1
1.418418985E9	1
1.41867816E9	1
1.418678197E9	1
1.418678336E9	1
1.418678754E9	1
1.419092835E9	1
1.419540445E9	1
1.419783254E9	1
