1.39103959E9	1
1.39106103E9	1
1.391280894E9	1
1.392100382E9	1
1.392874248E9	1
1.392874734E9	1
1.392878515E9	1
1.392920836E9	1
1.393008096E9	1
1.393212332E9	1
1.393464812E9	1
1.393464943E9	1
1.39370604E9	1
1.39382484E9	1
1.393989748E9	1
1.394000088E9	1
1.394024959E9	1
1.39404744E9	1
1.394146026E9	1
1.394148481E9	1
1.394188221E9	1
1.39422959E9	1
1.39439359E9	1
1.3944247E9	1
1.394447088E9	1
1.394471207E9	1
1.394549651E9	1
1.394562974E9	1
1.394569116E9	1
1.394575044E9	1
1.394583365E9	1
1.394597156E9	1
1.394614855E9	1
1.394620728E9	1
1.394651395E9	1
1.394656273E9	1
1.394669134E9	1
1.394669789E9	1
1.394670559E9	1
1.394671371E9	1
1.394672691E9	1
1.394675666E9	1
1.394679773E9	1
1.394682703E9	1
1.394682818E9	1
1.394682952E9	1
1.394683554E9	1
1.394683639E9	1
1.394683691E9	1
1.394683735E9	1
1.394683895E9	1
1.394684045E9	1
1.394684065E9	1
1.394684068E9	1
1.394684144E9	1
1.394684172E9	1
1.394684188E9	1
1.394684196E9	1
1.39468428E9	1
1.394684293E9	1
1.394684313E9	1
1.394684321E9	1
1.394684333E9	1
1.394684356E9	1
1.394684519E9	1
1.394684549E9	1
1.394684608E9	1
1.39468464E9	1
1.394684673E9	1
1.394684704E9	1
1.394684734E9	1
1.394684752E9	1
1.394684938E9	1
1.394684992E9	1
1.394685006E9	1
1.394685161E9	1
1.39468521E9	1
1.39468556E9	1
1.394685672E9	1
1.394685861E9	1
1.394685869E9	1
1.39468591E9	1
1.39468594E9	1
1.394685991E9	1
1.394686233E9	1
1.394686346E9	1
1.394686348E9	1
1.394686405E9	1
1.39468644E9	1
1.394686443E9	1
1.394686456E9	1
1.394686508E9	1
1.394686663E9	1
1.39468667E9	1
1.394686789E9	1
1.394686824E9	1
1.394686837E9	1
1.394686931E9	1
1.39468701E9	1
1.394687133E9	1
1.394687255E9	1
1.394687398E9	1
1.394687417E9	1
1.39468761E9	1
1.394687785E9	1
1.394688556E9	1
1.394688705E9	1
1.394688765E9	1
1.394688862E9	1
1.394688929E9	1
1.394689171E9	1
1.394689671E9	1
1.394689789E9	1
1.39469005E9	1
1.394690451E9	1
1.394690581E9	1
1.39469114E9	1
1.394691352E9	1
1.394693108E9	1
1.394693591E9	1
1.394694462E9	1
1.394711314E9	1
1.394724128E9	1
1.394726738E9	1
1.394732565E9	1
1.394734595E9	1
1.394738793E9	1
1.394741683E9	1
1.394748123E9	1
1.394754867E9	1
1.394756742E9	1
1.394769814E9	1
1.394769864E9	1
1.394769904E9	1
1.394770537E9	1
1.394770677E9	1
1.394770766E9	1
1.394770914E9	1
1.394770995E9	1
1.394771149E9	1
1.39477124E9	1
1.394771408E9	1
1.394771428E9	1
1.394771598E9	1
1.394771827E9	1
1.394771944E9	1
1.394772275E9	1
1.394772318E9	1
1.394772324E9	1
1.394772338E9	1
1.394772565E9	1
1.394772616E9	1
1.394773131E9	1
1.394773189E9	1
1.394773563E9	1
1.39477372E9	1
1.394773822E9	1
1.394774288E9	1
1.394774474E9	1
1.394774501E9	1
1.394775183E9	1
1.394780444E9	1
1.394781E9	1
1.394781705E9	1
1.394782885E9	1
1.394787812E9	1
1.394807712E9	1
1.394817029E9	1
1.394819115E9	1
1.39482566E9	1
1.394829636E9	1
1.394832982E9	1
1.39484613E9	1
1.394847062E9	1
1.3949193E9	1
1.394919443E9	1
1.394926505E9	1
1.394935298E9	1
1.394940308E9	1
1.394945199E9	1
1.394947734E9	1
1.394951505E9	1
1.394984746E9	1
1.394986543E9	1
1.394991194E9	1
1.394996468E9	1
1.394997257E9	1
1.394998821E9	1
1.395009977E9	1
1.395012396E9	1
1.395020081E9	1
1.395020591E9	1
1.395021894E9	1
1.395022259E9	1
1.395022477E9	1
1.395023072E9	1
1.395023182E9	1
1.395023306E9	1
1.39502341E9	1
1.39502347E9	1
1.39502349E9	1
1.395023509E9	1
1.395023529E9	1
1.395023543E9	1
1.395023543E9	1
1.395023573E9	1
1.395023665E9	1
1.395023669E9	1
1.39502367E9	1
1.395023674E9	1
1.395023771E9	1
1.395023803E9	1
1.395023964E9	1
1.395024123E9	1
1.395024274E9	1
1.395024329E9	1
1.39502434E9	1
1.395024372E9	1
1.395024441E9	1
1.395024501E9	1
1.39502466E9	1
1.395024701E9	1
1.395024732E9	1
1.395024809E9	1
1.395024892E9	1
1.3950249E9	1
1.395025104E9	1
1.395025213E9	1
1.395025246E9	1
1.395025327E9	1
1.395025334E9	1
1.395025355E9	1
1.395025358E9	1
1.395025367E9	1
1.395025457E9	1
1.395025488E9	1
1.395025656E9	1
1.395025664E9	1
1.395025681E9	1
1.395025688E9	1
1.395025746E9	1
1.395025752E9	1
1.395025778E9	1
1.395025889E9	1
1.395025984E9	1
1.395026093E9	1
1.395026226E9	1
1.395026454E9	1
1.395026458E9	1
1.395026534E9	1
1.395026633E9	1
1.395026662E9	1
1.395026792E9	1
1.395026807E9	1
1.395026849E9	1
1.395026866E9	1
1.395026928E9	1
1.39502694E9	1
1.395026958E9	1
1.395026981E9	1
1.395027072E9	1
1.395027194E9	1
1.395027234E9	1
1.395027328E9	1
1.395027353E9	1
1.395027367E9	1
1.395027426E9	1
1.395027471E9	1
1.395027586E9	1
1.395027616E9	1
1.395027831E9	1
1.395027909E9	1
1.395027986E9	1
1.395028008E9	1
1.39502805E9	1
1.395028191E9	1
1.395028274E9	1
1.395028287E9	1
1.39502847E9	1
1.395028475E9	1
1.395028489E9	1
1.395028492E9	1
1.395028561E9	1
1.395028639E9	1
1.395028652E9	1
1.395028712E9	1
1.395028788E9	1
1.395028832E9	1
1.395028886E9	1
1.395028947E9	1
1.395029036E9	1
1.395029064E9	1
1.395029085E9	1
1.395029397E9	1
1.395029423E9	1
1.395029613E9	1
1.395029713E9	1
1.395029747E9	1
1.395029794E9	1
1.395029925E9	1
1.395029956E9	1
1.39502996E9	1
1.395029974E9	1
1.395029977E9	1
1.395030061E9	1
1.395030112E9	1
1.395030152E9	1
1.395030153E9	1
1.395030168E9	1
1.395030232E9	1
1.395030238E9	1
1.395030253E9	1
1.395030258E9	1
1.395030278E9	1
1.395030448E9	1
1.395030507E9	1
1.395030583E9	1
1.395030603E9	1
1.395030646E9	1
1.395030804E9	1
1.395030996E9	1
1.395031126E9	1
1.395031127E9	1
1.395031197E9	1
1.395031328E9	1
1.395031342E9	1
1.395031356E9	1
1.395031416E9	1
1.395031644E9	1
1.395031678E9	1
1.395031703E9	1
1.39503177E9	1
1.395031811E9	1
1.395031856E9	1
1.395031952E9	1
1.395032038E9	1
1.395032072E9	1
1.395032134E9	1
1.395032147E9	1
1.395032175E9	1
1.395032238E9	1
1.395032256E9	1
1.39503239E9	1
1.395032392E9	1
1.395032529E9	1
1.395032532E9	1
1.395032558E9	1
1.395032569E9	1
1.395032599E9	1
1.395032652E9	1
1.39503287E9	1
1.39503287E9	1
1.395032938E9	1
1.395033157E9	1
1.395033871E9	1
1.395034493E9	1
1.3950354E9	1
1.3950362E9	1
1.395036395E9	1
1.395036737E9	1
1.39504739E9	1
1.395053676E9	1
1.395065314E9	1
1.395073571E9	1
1.39507511E9	1
1.395075111E9	1
1.395076846E9	1
1.39508754E9	1
1.395101105E9	1
1.395106153E9	1
1.395108951E9	1
1.395108954E9	1
1.395111093E9	1
1.395118002E9	1
1.39512063E9	1
1.395166684E9	1
1.395194802E9	1
1.395287892E9	1
1.395298594E9	1
1.395301197E9	1
1.395303084E9	1
1.395307863E9	1
1.395367134E9	1
1.395367194E9	1
1.395375573E9	1
1.395377588E9	1
1.39544558E9	1
1.395446339E9	1
1.39544659E9	1
1.395446921E9	1
1.39544922E9	1
1.395449705E9	1
1.395469587E9	1
1.395505084E9	1
1.395539758E9	1
1.395540096E9	1
1.395545555E9	1
1.395552188E9	1
1.395562619E9	1
1.39556268E9	1
1.395570165E9	1
1.39561618E9	1
1.395623287E9	1
1.395626861E9	1
1.395711289E9	1
1.395724826E9	1
1.395809557E9	1
1.39583952E9	1
1.39585626E9	1
1.395869609E9	1
1.395948627E9	1
1.396056656E9	1
1.396259888E9	1
1.396307604E9	1
1.396317103E9	1
1.396323118E9	1
1.396332246E9	1
1.396404039E9	1
1.39640408E9	1
1.396411957E9	1
1.396532383E9	1
1.396649928E9	1
1.39675768E9	1
1.397072217E9	1
1.397076834E9	1
1.397093451E9	1
1.397360732E9	1
1.397421067E9	1
1.397504172E9	1
1.39751577E9	1
1.397518979E9	1
1.397528082E9	1
1.397530055E9	1
1.397533207E9	1
1.397534416E9	1
1.397534965E9	1
1.397539317E9	1
1.397540318E9	1
1.397545471E9	1
1.397545496E9	1
1.397546971E9	1
1.397547486E9	1
1.397550776E9	1
1.39755083E9	1
1.397553205E9	1
1.397553941E9	1
1.397554532E9	1
1.397554536E9	1
1.397557098E9	1
1.397557827E9	1
1.397558192E9	1
1.397558225E9	1
1.397558436E9	1
1.397558556E9	1
1.397559222E9	1
1.397559347E9	1
1.397559419E9	1
1.397559531E9	1
1.397559647E9	1
1.397560009E9	1
1.397560065E9	1
1.397560217E9	1
1.39756023E9	1
1.397560282E9	1
1.397560471E9	1
1.39756065E9	1
1.397560916E9	1
1.39756102E9	1
1.397561025E9	1
1.397561164E9	1
1.397561215E9	1
1.397561321E9	1
1.397561587E9	1
1.397561719E9	1
1.397561997E9	1
1.397562159E9	1
1.397562171E9	1
1.397562219E9	1
1.397562285E9	1
1.397562352E9	1
1.397562483E9	1
1.39756267E9	1
1.397562822E9	1
1.397562855E9	1
1.397563047E9	1
1.397563102E9	1
1.39756312E9	1
1.39756313E9	1
1.397563214E9	1
1.397563321E9	1
1.397563378E9	1
1.397563465E9	1
1.397563513E9	1
1.39756356E9	1
1.397563682E9	1
1.397563775E9	1
1.39756389E9	1
1.397563948E9	1
1.397564151E9	1
1.397564328E9	1
1.397564444E9	1
1.397564449E9	1
1.397564482E9	1
1.397564507E9	1
1.39756457E9	1
1.397564609E9	1
1.397564641E9	1
1.397564789E9	1
1.397565038E9	1
1.39756508E9	1
1.397565274E9	1
1.397565282E9	1
1.397565288E9	1
1.39756543E9	1
1.397565482E9	1
1.397565492E9	1
1.397565552E9	1
1.397565574E9	1
1.397565772E9	1
1.397565778E9	1
1.39756581E9	1
1.397565826E9	1
1.397565841E9	1
1.397565869E9	1
1.397565913E9	1
1.397565914E9	1
1.397565916E9	1
1.397566037E9	1
1.397566136E9	1
1.397566145E9	1
1.397566268E9	1
1.397566347E9	1
1.397566352E9	1
1.397566426E9	1
1.397566434E9	1
1.397566452E9	1
1.397566557E9	1
1.397566632E9	1
1.397566672E9	1
1.397566772E9	1
1.397566785E9	1
1.397566852E9	1
1.397566855E9	1
1.397566856E9	1
1.397566973E9	1
1.397567007E9	1
1.397567101E9	1
1.397567102E9	1
1.397567213E9	1
1.397567223E9	1
1.397567245E9	1
1.397567305E9	1
1.397567323E9	1
1.397567333E9	1
1.397567366E9	1
1.397567373E9	1
1.397567446E9	1
1.397567457E9	1
1.397567597E9	1
1.39756762E9	1
1.397567631E9	1
1.397567683E9	1
1.3975677E9	1
1.397567751E9	1
1.39756777E9	1
1.397567841E9	1
1.397567847E9	1
1.397567885E9	1
1.397567914E9	1
1.397567962E9	1
1.397568023E9	1
1.397568185E9	1
1.397568188E9	1
1.397568285E9	1
1.397568292E9	1
1.397568348E9	1
1.397568359E9	1
1.397568379E9	1
1.397568392E9	1
1.39756848E9	1
1.397568526E9	1
1.397568537E9	1
1.397568554E9	1
1.397568586E9	1
1.397568607E9	1
1.39756868E9	1
1.3975687E9	1
1.397568706E9	1
1.397568706E9	1
1.397568784E9	1
1.397568832E9	1
1.397568877E9	1
1.397568891E9	1
1.397568907E9	1
1.397568908E9	1
1.39756891E9	1
1.397568917E9	1
1.397568945E9	1
1.397568988E9	1
1.397569052E9	1
1.397569149E9	1
1.397569188E9	1
1.397569248E9	1
1.397569351E9	1
1.397569379E9	1
1.397569405E9	1
1.397569496E9	1
1.397569507E9	1
1.397569579E9	1
1.397569584E9	1
1.397569613E9	1
1.397569615E9	1
1.397569631E9	1
1.397569634E9	1
1.397569688E9	1
1.397569697E9	1
1.397569705E9	1
1.397569749E9	1
1.397569803E9	1
1.397569843E9	1
1.397569859E9	1
1.397569859E9	1
1.397569871E9	1
1.397569994E9	1
1.39757003E9	1
1.397570032E9	1
1.397570061E9	1
1.397570089E9	1
1.397570159E9	1
1.397570197E9	1
1.397570198E9	1
1.39757022E9	1
1.397570235E9	1
1.397570235E9	1
1.397570237E9	1
1.397570317E9	1
1.397570349E9	1
1.397570385E9	1
1.397570451E9	1
1.397570517E9	1
1.397570555E9	1
1.397570571E9	1
1.397570587E9	1
1.397570606E9	1
1.397570608E9	1
1.397570614E9	1
1.397570625E9	1
1.39757065E9	1
1.397570691E9	1
1.397570712E9	1
1.397570757E9	1
1.39757081E9	1
1.39757082E9	1
1.397570832E9	1
1.397570833E9	1
1.397570858E9	1
1.397570898E9	1
1.397570899E9	1
1.397570911E9	1
1.397570916E9	1
1.397570916E9	1
1.397570921E9	1
1.397570924E9	1
1.397570933E9	1
1.397570935E9	1
1.397570942E9	1
1.39757096E9	1
1.397570997E9	1
1.397571022E9	1
1.397571024E9	1
1.397571024E9	1
1.397571058E9	1
1.397571065E9	1
1.397571067E9	1
1.397571103E9	1
1.397571113E9	1
1.397571125E9	1
1.397571144E9	1
1.397571145E9	1
1.397571157E9	1
1.397571164E9	1
1.397571164E9	1
1.397571174E9	1
1.397571174E9	1
1.397571183E9	1
1.397571192E9	1
1.397571205E9	1
1.397571279E9	1
1.397571285E9	1
1.397571343E9	1
1.397571388E9	1
1.397571398E9	1
1.397571437E9	1
1.397571443E9	1
1.397571443E9	1
1.397571452E9	1
1.397571506E9	1
1.397571514E9	1
1.397571528E9	1
1.397571541E9	1
1.397571542E9	1
1.397571544E9	1
1.397571561E9	1
1.397571582E9	1
1.397571603E9	1
1.397571616E9	1
1.397571641E9	1
1.397571659E9	1
1.39757169E9	1
1.397571703E9	1
1.397571719E9	1
1.397571763E9	1
1.397571782E9	1
1.397571792E9	1
1.3975718E9	1
1.397571802E9	1
1.397571816E9	1
1.397571847E9	1
1.39757185E9	1
1.397571875E9	1
1.397571919E9	1
1.397571922E9	1
1.397571924E9	1
1.397571928E9	1
1.397571931E9	1
1.397571935E9	1
1.397571958E9	1
1.397571985E9	1
1.397572E9	1
1.397572043E9	1
1.397572045E9	1
1.397572076E9	1
1.397572126E9	1
1.39757213E9	1
1.397572137E9	1
1.39757215E9	1
1.397572152E9	1
1.39757216E9	1
1.39757217E9	1
1.397572181E9	1
1.397572191E9	1
1.397572235E9	1
1.397572244E9	1
1.39757226E9	1
1.397572272E9	1
1.39757229E9	1
1.397572328E9	1
1.397572345E9	1
1.397572391E9	1
1.397572456E9	1
1.397572496E9	1
1.397572504E9	1
1.397572662E9	1
1.39757268E9	1
1.397572708E9	1
1.397572849E9	1
1.397572859E9	1
1.39757286E9	1
1.397572872E9	1
1.39757293E9	1
1.397572931E9	1
1.397572933E9	1
1.397572955E9	1
1.397572963E9	1
1.397573143E9	1
1.397573146E9	1
1.397573206E9	1
1.397573214E9	1
1.397573246E9	1
1.39757333E9	1
1.397573406E9	1
1.397573425E9	1
1.397573432E9	1
1.397573546E9	1
1.397573551E9	1
1.397573579E9	1
1.397573619E9	1
1.397573632E9	1
1.397573729E9	1
1.397573748E9	1
1.397573775E9	1
1.397573779E9	1
1.397573789E9	1
1.397573825E9	1
1.39757392E9	1
1.397573949E9	1
1.39757396E9	1
1.397574018E9	1
1.39757411E9	1
1.397574162E9	1
1.397574194E9	1
1.397574274E9	1
1.397574292E9	1
1.397574297E9	1
1.397574336E9	1
1.397574418E9	1
1.397574446E9	1
1.397574505E9	1
1.39757453E9	1
1.39757461E9	1
1.397574616E9	1
1.397574622E9	1
1.397574722E9	1
1.397574778E9	1
1.397574878E9	1
1.397574988E9	1
1.39757499E9	1
1.397575023E9	1
1.397575085E9	1
1.397575115E9	1
1.397575138E9	1
1.397575235E9	1
1.397575303E9	1
1.397575491E9	1
1.397575856E9	1
1.39757586E9	1
1.397575902E9	1
1.397575981E9	1
1.3975763E9	1
1.397577008E9	1
1.397577047E9	1
1.397577048E9	1
1.397577095E9	1
1.397577396E9	1
1.397577461E9	1
1.397577509E9	1
1.397577628E9	1
1.397577657E9	1
1.397577753E9	1
1.397577781E9	1
1.397578091E9	1
1.397578183E9	1
1.397578197E9	1
1.3975783E9	1
1.397578331E9	1
1.397578333E9	1
1.397578643E9	1
1.397578671E9	1
1.397578683E9	1
1.397578725E9	1
1.397578827E9	1
1.397579186E9	1
1.397579547E9	1
1.39757958E9	1
1.397579704E9	1
1.397579759E9	1
1.39758006E9	1
1.397580799E9	1
1.397581266E9	1
1.397581441E9	1
1.397581464E9	1
1.397581864E9	1
1.397582069E9	1
1.397583402E9	1
1.397583698E9	1
1.397583817E9	1
1.397584009E9	1
1.397584068E9	1
1.397584075E9	1
1.397584083E9	1
1.397584189E9	1
1.397584543E9	1
1.397584594E9	1
1.397584755E9	1
1.397584822E9	1
1.397585218E9	1
1.397585253E9	1
1.397585538E9	1
1.397586025E9	1
1.397586036E9	1
1.397586177E9	1
1.397588761E9	1
1.397590426E9	1
1.397590455E9	1
1.39759047E9	1
1.39759143E9	1
1.397592097E9	1
1.397592292E9	1
1.397592453E9	1
1.397592687E9	1
1.397593217E9	1
1.397593369E9	1
1.397593381E9	1
1.397594928E9	1
1.39759504E9	1
1.397595389E9	1
1.397596128E9	1
1.397596848E9	1
1.397597179E9	1
1.397597392E9	1
1.397597769E9	1
1.397597835E9	1
1.397598161E9	1
1.397598246E9	1
1.39759834E9	1
1.397599069E9	1
1.397599816E9	1
1.397599842E9	1
1.397600021E9	1
1.397600153E9	1
1.397601391E9	1
1.397601611E9	1
1.397601623E9	1
1.397601652E9	1
1.397601662E9	1
1.397602222E9	1
1.397603213E9	1
1.397604866E9	1
1.397604956E9	1
1.397605358E9	1
1.397605408E9	1
1.397605917E9	1
1.397606175E9	1
1.397606804E9	1
1.397606862E9	1
1.397607274E9	1
1.39760746E9	1
1.397607529E9	1
1.397607713E9	1
1.397607909E9	1
1.397607936E9	1
1.397609748E9	1
1.397609785E9	1
1.397609845E9	1
1.397610049E9	1
1.3976103E9	1
1.397610386E9	1
1.397610841E9	1
1.397611179E9	1
1.397611727E9	1
1.397612041E9	1
1.397612167E9	1
1.397612593E9	1
1.39761312E9	1
1.397613443E9	1
1.397616527E9	1
1.397617422E9	1
1.397617784E9	1
1.397619386E9	1
1.39762009E9	1
1.397621595E9	1
1.397624102E9	1
1.397624445E9	1
1.397624969E9	1
1.397625048E9	1
1.397625368E9	1
1.397625789E9	1
1.397626078E9	1
1.397628271E9	1
1.397629397E9	1
1.397629567E9	1
1.397634831E9	1
1.397636616E9	1
1.397637793E9	1
1.39763952E9	1
1.397639892E9	1
1.397641149E9	1
1.39764333E9	1
1.397644765E9	1
1.397645418E9	1
1.397645788E9	1
1.397650271E9	1
1.397657483E9	1
1.39765912E9	1
1.397659665E9	1
1.397683313E9	1
1.397685729E9	1
1.397692828E9	1
1.397703397E9	1
1.397708136E9	1
1.397711114E9	1
1.397714647E9	1
1.397717368E9	1
1.397727249E9	1
1.397729177E9	1
1.397730439E9	1
1.397746519E9	1
1.397754438E9	1
1.397773549E9	1
1.397775595E9	1
1.39778202E9	1
1.397788815E9	1
1.397811059E9	1
1.397815291E9	1
1.397867658E9	1
1.397873608E9	1
1.397873835E9	1
1.397874356E9	1
1.397875247E9	1
1.397875322E9	1
1.397877473E9	1
1.397930418E9	1
1.398012918E9	1
1.398014211E9	1
1.39801681E9	1
1.398030146E9	1
1.398072182E9	1
1.398138495E9	1
1.398195544E9	1
1.39820983E9	1
1.398211597E9	1
1.398212202E9	1
1.398214797E9	1
1.398215386E9	1
1.398215534E9	1
1.39821564E9	1
1.39821668E9	1
1.398222192E9	1
1.398248605E9	1
1.398254608E9	1
1.398305282E9	1
1.398318454E9	1
1.398318587E9	1
1.398323162E9	1
1.398323841E9	1
1.39836966E9	1
1.398380587E9	1
1.39838371E9	1
1.39871975E9	1
1.398805022E9	1
1.398937998E9	1
1.398995364E9	1
1.399106809E9	1
1.399329116E9	1
1.399333384E9	1
1.39936352E9	1
1.399407526E9	1
1.39941111E9	1
1.399417341E9	1
1.399418901E9	1
1.39941917E9	1
1.39943185E9	1
1.399433135E9	1
1.399436865E9	1
1.399438212E9	1
1.399442548E9	1
1.39946762E9	1
1.399469156E9	1
1.399470693E9	1
1.399491436E9	1
1.39949867E9	1
1.399498691E9	1
1.399512779E9	1
1.399526649E9	1
1.399529311E9	1
1.399540404E9	1
1.399589349E9	1
1.399590007E9	1
1.399595617E9	1
1.399599115E9	1
1.399603998E9	1
1.399680072E9	1
1.399758792E9	1
1.399926605E9	1
1.399938384E9	1
1.399938422E9	1
1.399938569E9	1
1.399939104E9	1
1.399947007E9	1
1.399956449E9	1
1.399958616E9	1
1.399972873E9	1
1.400092552E9	1
1.400135433E9	1
1.400193055E9	1
1.400205867E9	1
1.400272287E9	1
1.400292014E9	1
1.4002921E9	1
1.40055332E9	1
1.400570803E9	1
1.400707369E9	1
1.400825692E9	1
1.40087643E9	1
1.400888088E9	1
1.400900347E9	1
1.401074155E9	1
1.401129292E9	1
1.401147162E9	1
1.401202285E9	1
1.401204965E9	1
1.401220786E9	1
1.401236994E9	1
1.401239606E9	1
1.401245032E9	1
1.401304778E9	1
1.401307661E9	1
1.401310209E9	1
1.401311704E9	1
1.401320016E9	1
1.401321925E9	1
1.40132935E9	1
1.401332563E9	1
1.401335011E9	1
1.401335387E9	1
1.40134137E9	1
1.401344106E9	1
1.401346086E9	1
1.401346634E9	1
1.401352257E9	1
1.401355578E9	1
1.401362865E9	1
1.401383185E9	1
1.401396119E9	1
1.401414917E9	1
1.401418917E9	1
1.401420276E9	1
1.401420644E9	1
1.40142364E9	1
1.401424362E9	1
1.40143099E9	1
1.401432226E9	1
1.401450339E9	1
1.401485835E9	1
1.401516515E9	1
1.401635427E9	1
1.401673409E9	1
1.40168321E9	1
1.401758717E9	1
1.401836512E9	1
1.401938681E9	1
1.401975833E9	1
1.401992277E9	1
1.402007484E9	1
1.402008168E9	1
1.402022678E9	1
1.402034998E9	1
1.402041566E9	1
1.402045828E9	1
1.402098698E9	1
1.402110723E9	1
1.402205518E9	1
1.402395257E9	1
1.402447327E9	1
1.402617369E9	1
1.402752393E9	1
1.402888247E9	1
1.402895795E9	1
1.40289672E9	1
1.402901597E9	1
1.402969243E9	1
1.402969807E9	1
1.402974515E9	1
1.402975491E9	1
1.402978517E9	1
1.403075935E9	1
1.40308757E9	1
1.403125189E9	1
1.403125456E9	1
1.403128963E9	1
1.403135688E9	1
1.403146532E9	1
1.403150352E9	1
1.403150727E9	1
1.403152331E9	1
1.403155228E9	1
1.403164939E9	1
1.403216641E9	1
1.403263259E9	1
1.403294294E9	1
1.403320618E9	1
1.403427653E9	1
1.403477064E9	1
1.403569782E9	1
1.403574075E9	1
1.403658457E9	1
1.403660521E9	1
1.403663577E9	1
1.403664374E9	1
1.403664922E9	1
1.403672492E9	1
1.403676274E9	1
1.403676985E9	1
1.403738889E9	1
1.403739328E9	1
1.40374143E9	1
1.403746208E9	1
1.403746655E9	1
1.403754941E9	1
1.403760844E9	1
1.403785471E9	1
1.403810871E9	1
1.403839008E9	1
1.403847107E9	1
1.403847121E9	1
1.403849282E9	1
1.403930432E9	1
1.403931144E9	1
1.403931288E9	1
1.403932856E9	1
1.403938571E9	1
1.403952577E9	1
1.403960039E9	1
1.403992903E9	1
1.404016283E9	1
1.404075702E9	1
1.404109172E9	1
1.404123259E9	1
1.404123798E9	1
1.404130519E9	1
1.404147253E9	1
1.404178266E9	1
1.404179851E9	1
1.404183017E9	1
1.404195618E9	1
1.40421454E9	1
1.404218557E9	1
1.404219106E9	1
1.40422513E9	1
1.404226535E9	1
1.404231429E9	1
1.404231938E9	1
1.404232468E9	1
1.404233019E9	1
1.404250985E9	1
1.404317447E9	1
1.404317706E9	1
1.404324849E9	1
1.404350125E9	1
1.404353216E9	1
1.404359139E9	1
1.404361271E9	1
1.404361895E9	1
1.404363382E9	1
1.404388335E9	1
1.404390639E9	1
1.40441418E9	1
1.404439368E9	1
1.404448035E9	1
1.404518429E9	1
1.404761589E9	1
1.404770789E9	1
1.40478363E9	1
1.404791239E9	1
1.404804074E9	1
1.404834463E9	1
1.40483773E9	1
1.404849748E9	1
1.404852939E9	1
1.404857133E9	1
1.404860395E9	1
1.404860407E9	1
1.404863503E9	1
1.404864843E9	1
1.404865158E9	1
1.404866447E9	1
1.404867304E9	1
1.404868345E9	1
1.404868477E9	1
1.404868611E9	1
1.404869463E9	1
1.404869807E9	1
1.404869932E9	1
1.404870851E9	1
1.404872515E9	1
1.404874081E9	1
1.404876592E9	1
1.404879705E9	1
1.404880444E9	1
1.404883506E9	1
1.404884711E9	1
1.404885054E9	1
1.404888027E9	1
1.404889478E9	1
1.40489475E9	1
1.404912013E9	1
1.404915946E9	1
1.404921585E9	1
1.4049423E9	1
1.404947332E9	1
1.40494737E9	1
1.404949657E9	1
1.404950754E9	1
1.404951507E9	1
1.404953213E9	1
1.404953214E9	1
1.404953996E9	1
1.40495441E9	1
1.404955429E9	1
1.404956635E9	1
1.404959135E9	1
1.404960528E9	1
1.404966198E9	1
1.404969719E9	1
1.404972995E9	1
1.404975918E9	1
1.404985486E9	1
1.404985585E9	1
1.404985635E9	1
1.405004256E9	1
1.405005171E9	1
1.405024317E9	1
1.405029204E9	1
1.405031342E9	1
1.405033715E9	1
1.405038725E9	1
1.405038762E9	1
1.405044191E9	1
1.405052241E9	1
1.405080457E9	1
1.405080681E9	1
1.405103324E9	1
1.405111186E9	1
1.4051167E9	1
1.405121351E9	1
1.405121971E9	1
1.40512395E9	1
1.405126155E9	1
1.405127664E9	1
1.40513054E9	1
1.405131278E9	1
1.405131895E9	1
1.405137096E9	1
1.405169952E9	1
1.405171961E9	1
1.40517781E9	1
1.405187438E9	1
1.405189607E9	1
1.405197548E9	1
1.405210589E9	1
1.405210591E9	1
1.405217503E9	1
1.405222917E9	1
1.405225526E9	1
1.405227171E9	1
1.405227878E9	1
1.405229059E9	1
1.405230537E9	1
1.405232167E9	1
1.405234212E9	1
1.405241537E9	1
1.405241765E9	1
1.405242121E9	1
1.405242261E9	1
1.405242488E9	1
1.405242929E9	1
1.405243523E9	1
1.405244071E9	1
1.40524409E9	1
1.405244113E9	1
1.405244157E9	1
1.405245812E9	1
1.40524591E9	1
1.405246715E9	1
1.405247233E9	1
1.405247283E9	1
1.405249428E9	1
1.405249826E9	1
1.405252402E9	1
1.405252498E9	1
1.405253346E9	1
1.405253936E9	1
1.405254277E9	1
1.405254556E9	1
1.405255622E9	1
1.405256224E9	1
1.405261973E9	1
1.405262189E9	1
1.405262582E9	1
1.405265212E9	1
1.405266808E9	1
1.405267608E9	1
1.405288892E9	1
1.405293524E9	1
1.405297473E9	1
1.405303715E9	1
1.405305593E9	1
1.405306576E9	1
1.405306859E9	1
1.405307219E9	1
1.40530736E9	1
1.405307599E9	1
1.40530766E9	1
1.405307688E9	1
1.405307718E9	1
1.405307734E9	1
1.405308051E9	1
1.405308487E9	1
1.405310245E9	1
1.405315735E9	1
1.405315956E9	1
1.405316211E9	1
1.405317448E9	1
1.405320027E9	1
1.405367738E9	1
1.405373519E9	1
1.405377319E9	1
1.405382742E9	1
1.405382994E9	1
1.40538652E9	1
1.405389437E9	1
1.405392149E9	1
1.405394265E9	1
1.405399385E9	1
1.405400871E9	1
1.40540915E9	1
1.405414418E9	1
1.405417726E9	1
1.405418873E9	1
1.405458176E9	1
1.405478848E9	1
1.405481702E9	1
1.40548828E9	1
1.405508409E9	1
1.405526575E9	1
1.405526745E9	1
1.405527172E9	1
1.405533466E9	1
1.40553835E9	1
1.405539075E9	1
1.405540826E9	1
1.405543374E9	1
1.405543415E9	1
1.405544304E9	1
1.40554491E9	1
1.405546965E9	1
1.405549446E9	1
1.405549719E9	1
1.405551622E9	1
1.405552287E9	1
1.405553523E9	1
1.405554754E9	1
1.405556013E9	1
1.405556125E9	1
1.405556396E9	1
1.405556409E9	1
1.405556409E9	1
1.405556698E9	1
1.405557592E9	1
1.405558257E9	1
1.405559006E9	1
1.405559949E9	1
1.405559977E9	1
1.405560568E9	1
1.405560771E9	1
1.405560829E9	1
1.405562181E9	1
1.405564768E9	1
1.405566127E9	1
1.405568171E9	1
1.405570587E9	1
1.405573091E9	1
1.405576627E9	1
1.405582818E9	1
1.405588346E9	1
1.405589804E9	1
1.405628226E9	1
1.405633051E9	1
1.405641652E9	1
1.405644261E9	1
1.405646215E9	1
1.40565369E9	1
1.40565552E9	1
1.405657299E9	1
1.405660006E9	1
1.405660184E9	1
1.405663924E9	1
1.405666148E9	1
1.405718102E9	1
1.405720508E9	1
1.405721419E9	1
1.405727605E9	1
1.4057286E9	1
1.405736717E9	1
1.405737338E9	1
1.405739699E9	1
1.405739905E9	1
1.40574264E9	1
1.405750312E9	1
1.405752327E9	1
1.405752908E9	1
1.405753645E9	1
1.405754654E9	1
1.405754659E9	1
1.405768721E9	1
1.405778299E9	1
1.405779814E9	1
1.405780524E9	1
1.405800141E9	1
1.405811859E9	1
1.405818307E9	1
1.405830834E9	1
1.40583169E9	1
1.405837547E9	1
1.405842559E9	1
1.405843085E9	1
1.405844604E9	1
1.405848458E9	1
1.405848459E9	1
1.405849073E9	1
1.405873885E9	1
1.405879453E9	1
1.405884609E9	1
1.405885632E9	1
1.405887896E9	1
1.405890006E9	1
1.405890156E9	1
1.405890469E9	1
1.405890977E9	1
1.40589175E9	1
1.405891909E9	1
1.40589215E9	1
1.405892636E9	1
1.405893333E9	1
1.405893901E9	1
1.405894385E9	1
1.405894524E9	1
1.405896406E9	1
1.405896709E9	1
1.405897055E9	1
1.405897495E9	1
1.405898181E9	1
1.405898418E9	1
1.405898514E9	1
1.405899035E9	1
1.405899205E9	1
1.405900087E9	1
1.405900437E9	1
1.405901124E9	1
1.405901866E9	1
1.405904605E9	1
1.405904882E9	1
1.405904907E9	1
1.405905358E9	1
1.405906018E9	1
1.405906384E9	1
1.405906444E9	1
1.405906691E9	1
1.405906801E9	1
1.40590755E9	1
1.405907702E9	1
1.405907818E9	1
1.405908061E9	1
1.405909363E9	1
1.405909393E9	1
1.405909856E9	1
1.405910799E9	1
1.405911405E9	1
1.405911834E9	1
1.405911835E9	1
1.405911934E9	1
1.405912865E9	1
1.40591313E9	1
1.405913278E9	1
1.405914462E9	1
1.40591513E9	1
1.405915597E9	1
1.405917388E9	1
1.405921273E9	1
1.405921944E9	1
1.405924039E9	1
1.405925005E9	1
1.405927438E9	1
1.405927702E9	1
1.4059289E9	1
1.405930832E9	1
1.405932141E9	1
1.405935812E9	1
1.405935851E9	1
1.405937468E9	1
1.405938069E9	1
1.405939418E9	1
1.405943898E9	1
1.405945511E9	1
1.405948361E9	1
1.405965107E9	1
1.405967935E9	1
1.405968014E9	1
1.405971867E9	1
1.40597844E9	1
1.405981615E9	1
1.40598324E9	1
1.405984195E9	1
1.405985858E9	1
1.405994078E9	1
1.405998297E9	1
1.405998317E9	1
1.406004866E9	1
1.406005515E9	1
1.406012375E9	1
1.406013266E9	1
1.406053581E9	1
1.406064277E9	1
1.406065351E9	1
1.406068873E9	1
1.406077919E9	1
1.406078657E9	1
1.406089671E9	1
1.406093642E9	1
1.406155512E9	1
1.406159833E9	1
1.406160235E9	1
1.406162939E9	1
1.406163626E9	1
1.406164561E9	1
1.406165112E9	1
1.406166496E9	1
1.406186346E9	1
1.406240871E9	1
1.406242723E9	1
1.406242823E9	1
1.406243578E9	1
1.406248264E9	1
1.406249527E9	1
1.406252846E9	1
1.406252992E9	1
1.406255954E9	1
1.40625879E9	1
1.406261751E9	1
1.406264476E9	1
1.406264612E9	1
1.406264958E9	1
1.406265485E9	1
1.406267454E9	1
1.406267812E9	1
1.406270096E9	1
1.406270147E9	1
1.406270495E9	1
1.406270669E9	1
1.406272861E9	1
1.406273676E9	1
1.406274668E9	1
1.406279542E9	1
1.406279949E9	1
1.406305371E9	1
1.406314938E9	1
1.406326804E9	1
1.406331709E9	1
1.406347411E9	1
1.406377856E9	1
1.406380315E9	1
1.406380421E9	1
1.40642218E9	1
1.40645193E9	1
1.406467296E9	1
1.406506309E9	1
1.406524523E9	1
1.406584851E9	1
1.406662048E9	1
1.406672874E9	1
1.406763775E9	1
1.406766622E9	1
1.406835258E9	1
1.406878903E9	1
1.407063434E9	1
1.407279049E9	1
1.407279267E9	1
1.407445238E9	1
1.407493479E9	1
1.407513917E9	1
1.407535696E9	1
1.407537535E9	1
1.407537894E9	1
1.407543042E9	1
1.407544067E9	1
1.407545155E9	1
1.407545936E9	1
1.407552172E9	1
1.407554643E9	1
1.407556955E9	1
1.407563352E9	1
1.407569403E9	1
1.407577492E9	1
1.407594107E9	1
1.407598028E9	1
1.407635414E9	1
1.407642378E9	1
1.407651647E9	1
1.407657332E9	1
1.407660026E9	1
1.407664916E9	1
1.407666676E9	1
1.407669872E9	1
1.407675393E9	1
1.407695773E9	1
1.407702097E9	1
1.40770317E9	1
1.407709413E9	1
1.40771314E9	1
1.407715245E9	1
1.407715613E9	1
1.407716087E9	1
1.407716237E9	1
1.40771716E9	1
1.407717626E9	1
1.407717684E9	1
1.407717823E9	1
1.407717983E9	1
1.407719191E9	1
1.407719633E9	1
1.407719665E9	1
1.407721195E9	1
1.407722487E9	1
1.407723732E9	1
1.407724773E9	1
1.407725503E9	1
1.407725728E9	1
1.40772678E9	1
1.407727166E9	1
1.407727643E9	1
1.407727743E9	1
1.407728849E9	1
1.40772971E9	1
1.407730706E9	1
1.407731677E9	1
1.40773203E9	1
1.407732357E9	1
1.407732796E9	1
1.407733278E9	1
1.407733568E9	1
1.407733784E9	1
1.407733872E9	1
1.40773405E9	1
1.407734192E9	1
1.407734264E9	1
1.407734483E9	1
1.407734639E9	1
1.407734926E9	1
1.40773557E9	1
1.407735601E9	1
1.40773577E9	1
1.407736438E9	1
1.407736625E9	1
1.407737539E9	1
1.407738707E9	1
1.407739908E9	1
1.407741168E9	1
1.40774218E9	1
1.407742246E9	1
1.407742626E9	1
1.407743268E9	1
1.407744325E9	1
1.407744494E9	1
1.407744726E9	1
1.407744731E9	1
1.407744856E9	1
1.407745097E9	1
1.407745111E9	1
1.407745431E9	1
1.407745779E9	1
1.407745904E9	1
1.407746511E9	1
1.407746853E9	1
1.407746885E9	1
1.40774712E9	1
1.407748066E9	1
1.407748152E9	1
1.407748329E9	1
1.407748347E9	1
1.407748486E9	1
1.407748513E9	1
1.407748514E9	1
1.407748665E9	1
1.407748908E9	1
1.407748963E9	1
1.407749471E9	1
1.407749522E9	1
1.407749779E9	1
1.407750723E9	1
1.407751008E9	1
1.407751627E9	1
1.407751676E9	1
1.407751679E9	1
1.40775179E9	1
1.407751935E9	1
1.407752016E9	1
1.407752127E9	1
1.40775216E9	1
1.407752251E9	1
1.407752592E9	1
1.407753731E9	1
1.407753826E9	1
1.407753855E9	1
1.407753964E9	1
1.407753986E9	1
1.40775404E9	1
1.407754749E9	1
1.407755003E9	1
1.407755113E9	1
1.407755598E9	1
1.407755628E9	1
1.407755743E9	1
1.407755746E9	1
1.407755762E9	1
1.407755798E9	1
1.40775581E9	1
1.407755844E9	1
1.407755957E9	1
1.407756186E9	1
1.407756992E9	1
1.407757081E9	1
1.40775709E9	1
1.407757654E9	1
1.407757797E9	1
1.407758273E9	1
1.407758797E9	1
1.407758872E9	1
1.407759771E9	1
1.407759788E9	1
1.407759854E9	1
1.407759911E9	1
1.407760033E9	1
1.407760245E9	1
1.407760363E9	1
1.407760491E9	1
1.407761208E9	1
1.40776125E9	1
1.407761403E9	1
1.407761485E9	1
1.407761531E9	1
1.407761918E9	1
1.40776315E9	1
1.407764026E9	1
1.407764102E9	1
1.40776443E9	1
1.407765525E9	1
1.407768396E9	1
1.40776916E9	1
1.407769179E9	1
1.407770487E9	1
1.407773708E9	1
1.407774506E9	1
1.407775367E9	1
1.407776337E9	1
1.407776426E9	1
1.407780265E9	1
1.407780833E9	1
1.407783005E9	1
1.407783874E9	1
1.407787999E9	1
1.407788087E9	1
1.407789669E9	1
1.407797041E9	1
1.407797619E9	1
1.407800677E9	1
1.407803871E9	1
1.407804911E9	1
1.40780608E9	1
1.407808412E9	1
1.407809208E9	1
1.40781127E9	1
1.40781386E9	1
1.407821301E9	1
1.407836802E9	1
1.407840669E9	1
1.407843077E9	1
1.407860611E9	1
1.407872076E9	1
1.407876017E9	1
1.407882511E9	1
1.407886093E9	1
1.4078929E9	1
1.407896478E9	1
1.407897471E9	1
1.407992756E9	1
1.407998161E9	1
1.408054956E9	1
1.408070896E9	1
1.408145494E9	1
1.408148602E9	1
1.408163999E9	1
1.40817893E9	1
1.408252755E9	1
1.408260958E9	1
1.408323974E9	1
1.408331176E9	1
1.408337808E9	1
1.408411503E9	1
1.408472751E9	1
1.408506746E9	1
1.408577559E9	1
1.408588731E9	1
1.408608072E9	1
1.408667176E9	1
1.408692595E9	1
1.4087643E9	1
1.408764848E9	1
1.408778499E9	1
1.409097202E9	1
1.409300511E9	1
1.409379715E9	1
1.409611644E9	1
1.409730615E9	1
1.409847017E9	1
1.409867212E9	1
1.409870234E9	1
1.409870316E9	1
1.409870414E9	1
1.409882658E9	1
1.409885484E9	1
1.409996117E9	1
1.410034795E9	1
1.410091121E9	1
1.410093172E9	1
1.410158936E9	1
1.410211758E9	1
1.410221736E9	1
1.410223219E9	1
1.410224676E9	1
1.41022555E9	1
1.410229147E9	1
1.410231678E9	1
1.410250176E9	1
1.410252591E9	1
1.410275118E9	1
1.41028386E9	1
1.410291941E9	1
1.41029215E9	1
1.410304512E9	1
1.410308854E9	1
1.410319861E9	1
1.410322484E9	1
1.410325327E9	1
1.410338363E9	1
1.410356718E9	1
1.410387479E9	1
1.410405748E9	1
1.41041051E9	1
1.410415756E9	1
1.410415995E9	1
1.410417256E9	1
1.410421541E9	1
1.410422695E9	1
1.410423364E9	1
1.410423585E9	1
1.410427614E9	1
1.410427782E9	1
1.410428352E9	1
1.410430627E9	1
1.410430863E9	1
1.410433602E9	1
1.410434979E9	1
1.410439894E9	1
1.410465236E9	1
1.410490524E9	1
1.410492762E9	1
1.410557164E9	1
1.410705603E9	1
1.410922094E9	1
1.41095999E9	1
1.411015746E9	1
1.411058789E9	1
1.411110669E9	1
1.411144013E9	1
1.41114413E9	1
1.411174865E9	1
1.411218297E9	1
1.411295315E9	1
1.411295699E9	1
1.41143635E9	1
1.411439735E9	1
1.411527738E9	1
1.411529379E9	1
1.411532875E9	1
1.411594257E9	1
1.411695034E9	1
1.411698677E9	1
1.411705608E9	1
1.411741474E9	1
1.411763282E9	1
1.411798379E9	1
1.411802405E9	1
1.411895391E9	1
1.411948869E9	1
1.412032564E9	1
1.412042413E9	1
1.412058942E9	1
1.412079373E9	1
1.412133035E9	1
1.412133188E9	1
1.412144343E9	1
1.412202399E9	1
1.412217871E9	1
1.412224795E9	1
1.412279829E9	1
1.412284283E9	1
1.412316442E9	1
1.412328032E9	1
1.412337193E9	1
1.412353785E9	1
1.412399784E9	1
1.4124013E9	1
1.412411226E9	1
1.412440353E9	1
1.41244847E9	1
1.412448504E9	1
1.412462927E9	1
1.412464195E9	1
1.412464242E9	1
1.412468649E9	1
1.412473195E9	1
1.412473617E9	1
1.412474708E9	1
1.412476377E9	1
1.412476675E9	1
1.412476828E9	1
1.412476985E9	1
1.412477037E9	1
1.412477178E9	1
1.412477338E9	1
1.412477487E9	1
1.412477516E9	1
1.412477647E9	1
1.412477716E9	1
1.412478173E9	1
1.412478588E9	1
1.412478974E9	1
1.412479041E9	1
1.412479273E9	1
1.412479518E9	1
1.412480015E9	1
1.412480134E9	1
1.412480704E9	1
1.41248097E9	1
1.41248098E9	1
1.412481114E9	1
1.412482694E9	1
1.412482705E9	1
1.412482874E9	1
1.412484051E9	1
1.412484981E9	1
1.412485989E9	1
1.412494412E9	1
1.412495571E9	1
1.412495621E9	1
1.412495654E9	1
1.412496263E9	1
1.412496291E9	1
1.412496682E9	1
1.41249674E9	1
1.412497073E9	1
1.412497202E9	1
1.412497455E9	1
1.412497622E9	1
1.41249784E9	1
1.412498645E9	1
1.412498824E9	1
1.412499088E9	1
1.412499313E9	1
1.412499341E9	1
1.412499459E9	1
1.412499602E9	1
1.412499971E9	1
1.412500204E9	1
1.412500358E9	1
1.412502565E9	1
1.412502741E9	1
1.412502925E9	1
1.412504252E9	1
1.412504626E9	1
1.412505015E9	1
1.412508483E9	1
1.412510714E9	1
1.412514031E9	1
1.412524656E9	1
1.412535407E9	1
1.412542478E9	1
1.412550925E9	1
1.412559389E9	1
1.4126265E9	1
1.412628375E9	1
1.412633007E9	1
1.412634866E9	1
1.412635171E9	1
1.412645284E9	1
1.412654342E9	1
1.412655575E9	1
1.41265883E9	1
1.412668175E9	1
1.412674693E9	1
1.412712888E9	1
1.412731173E9	1
1.412736536E9	1
1.412740643E9	1
1.412743786E9	1
1.412752669E9	1
1.412752679E9	1
1.41275306E9	1
1.412753226E9	1
1.41275362E9	1
1.412754019E9	1
1.412754062E9	1
1.412785755E9	1
1.412788183E9	1
1.412790057E9	1
1.412790487E9	1
1.412790846E9	1
1.412790965E9	1
1.412791385E9	1
1.412792329E9	1
1.412793415E9	1
1.412797843E9	1
1.412798059E9	1
1.412802785E9	1
1.412805681E9	1
1.412817477E9	1
1.412828434E9	1
1.412830469E9	1
1.412832084E9	1
1.412847247E9	1
1.412897463E9	1
1.412902558E9	1
1.413128596E9	1
1.413129458E9	1
1.413323911E9	1
1.413402536E9	1
1.413405244E9	1
1.413411182E9	1
1.413413949E9	1
1.413414125E9	1
1.413437032E9	1
1.413475116E9	1
1.413475186E9	1
1.413481849E9	1
1.413498713E9	1
1.413512814E9	1
1.4135317E9	1
1.413535198E9	1
1.413565631E9	1
1.413997895E9	1
1.414022652E9	1
1.414095887E9	1
1.414096039E9	1
1.414103892E9	1
1.414126623E9	1
1.414217601E9	1
1.414334248E9	1
1.414446671E9	1
1.41445636E9	1
1.414468435E9	1
1.414468927E9	1
1.414472297E9	1
1.414472814E9	1
1.414475687E9	1
1.414476226E9	1
1.414485258E9	1
1.414516279E9	1
1.414552329E9	1
1.41455308E9	1
1.414553299E9	1
1.414556579E9	1
1.414557525E9	1
1.4145589E9	1
1.414560072E9	1
1.414560287E9	1
1.414560433E9	1
1.414560545E9	1
1.414560563E9	1
1.414560568E9	1
1.414560741E9	1
1.414560784E9	1
1.414560907E9	1
1.41456096E9	1
1.414561039E9	1
1.414561101E9	1
1.414561571E9	1
1.414561651E9	1
1.414561658E9	1
1.414562222E9	1
1.414562903E9	1
1.414564887E9	1
1.414566138E9	1
1.41456732E9	1
1.414567571E9	1
1.41456941E9	1
1.414569506E9	1
1.414569671E9	1
1.414570556E9	1
1.414570563E9	1
1.414572426E9	1
1.414577742E9	1
1.414598964E9	1
1.414610674E9	1
1.414615396E9	1
1.414615745E9	1
1.414616842E9	1
1.414618014E9	1
1.414621906E9	1
1.414627883E9	1
1.414628019E9	1
1.414629201E9	1
1.414706564E9	1
1.414707544E9	1
1.414710534E9	1
1.414770409E9	1
1.414782408E9	1
1.414783097E9	1
1.414788658E9	1
1.414795868E9	1
1.414802583E9	1
1.414803159E9	1
1.41490052E9	1
1.414981151E9	1
1.414983463E9	1
1.41502225E9	1
1.415038555E9	1
1.415066037E9	1
1.415144484E9	1
1.415147352E9	1
1.415205545E9	1
1.415208683E9	1
1.415214931E9	1
1.415221218E9	1
1.415223759E9	1
1.415232971E9	1
1.415235225E9	1
1.415240233E9	1
1.415297905E9	1
1.415312353E9	1
1.415316784E9	1
1.415322848E9	1
1.415323447E9	1
1.415343993E9	1
1.415349714E9	1
1.415375387E9	1
1.415383869E9	1
1.415386223E9	1
1.4153871E9	1
1.415389448E9	1
1.41540114E9	1
1.415403076E9	1
1.415403809E9	1
1.415411929E9	1
1.415414762E9	1
1.415470601E9	1
1.415472362E9	1
1.415474269E9	1
1.415479613E9	1
1.415510255E9	1
1.415539746E9	1
1.415544466E9	1
1.415557053E9	1
1.41557465E9	1
1.415576922E9	1
1.415577701E9	1
1.415583835E9	1
1.415584129E9	1
1.415585243E9	1
1.415585812E9	1
1.415590755E9	1
1.415595779E9	1
1.415604606E9	1
1.415609675E9	1
1.415610633E9	1
1.415617949E9	1
1.415619168E9	1
1.415619939E9	1
1.415621133E9	1
1.415622643E9	1
1.415622657E9	1
1.415623147E9	1
1.415623723E9	1
1.415624089E9	1
1.415624143E9	1
1.41562445E9	1
1.415626572E9	1
1.415628997E9	1
1.415629203E9	1
1.415635204E9	1
1.415638372E9	1
1.415642385E9	1
1.415649814E9	1
1.415651243E9	1
1.415654086E9	1
1.415657202E9	1
1.415657236E9	1
1.415657893E9	1
1.415658423E9	1
1.415661114E9	1
1.415661707E9	1
1.415663256E9	1
1.415670795E9	1
1.415671618E9	1
1.415672172E9	1
1.415673587E9	1
1.415679678E9	1
1.415684263E9	1
1.415685529E9	1
1.415688118E9	1
1.41570591E9	1
1.415713353E9	1
1.415717508E9	1
1.415718275E9	1
1.415719131E9	1
1.415719599E9	1
1.415723748E9	1
1.41572484E9	1
1.415725241E9	1
1.415726631E9	1
1.415729009E9	1
1.415729586E9	1
1.415733607E9	1
1.415734082E9	1
1.415734727E9	1
1.415736322E9	1
1.415736592E9	1
1.415737019E9	1
1.415737182E9	1
1.415737384E9	1
1.415737741E9	1
1.415738908E9	1
1.415743442E9	1
1.41574477E9	1
1.415745157E9	1
1.415747183E9	1
1.415748287E9	1
1.415748949E9	1
1.415749561E9	1
1.415750049E9	1
1.415750393E9	1
1.41575118E9	1
1.415755877E9	1
1.41575632E9	1
1.415759869E9	1
1.415761194E9	1
1.415761374E9	1
1.415761782E9	1
1.415761803E9	1
1.415762914E9	1
1.415764545E9	1
1.415764808E9	1
1.415765452E9	1
1.415766132E9	1
1.415766269E9	1
1.415766283E9	1
1.415766298E9	1
1.415766717E9	1
1.415766731E9	1
1.415766835E9	1
1.41576713E9	1
1.415767376E9	1
1.415767397E9	1
1.415767523E9	1
1.415769043E9	1
1.41576912E9	1
1.415769311E9	1
1.415770077E9	1
1.415771073E9	1
1.415771254E9	1
1.415771886E9	1
1.415772206E9	1
1.415772632E9	1
1.415772785E9	1
1.415772946E9	1
1.415774746E9	1
1.415775574E9	1
1.415777245E9	1
1.415778527E9	1
1.415778751E9	1
1.415778835E9	1
1.415779039E9	1
1.415779126E9	1
1.415779206E9	1
1.415779335E9	1
1.415779638E9	1
1.415780396E9	1
1.415780586E9	1
1.415781235E9	1
1.4157821E9	1
1.415783245E9	1
1.415783362E9	1
1.415783396E9	1
1.415783462E9	1
1.415783609E9	1
1.415784726E9	1
1.415787197E9	1
1.415787346E9	1
1.415788399E9	1
1.415788528E9	1
1.415788545E9	1
1.415788787E9	1
1.415790476E9	1
1.415790521E9	1
1.415790937E9	1
1.415791258E9	1
1.415791295E9	1
1.415792302E9	1
1.415792676E9	1
1.415792875E9	1
1.415793438E9	1
1.415793833E9	1
1.415794743E9	1
1.415794985E9	1
1.415794997E9	1
1.415795115E9	1
1.41579522E9	1
1.415795224E9	1
1.415796454E9	1
1.415797569E9	1
1.415798035E9	1
1.4157986E9	1
1.415798921E9	1
1.415799585E9	1
1.415800684E9	1
1.415800766E9	1
1.41580108E9	1
1.41580118E9	1
1.415801543E9	1
1.415802817E9	1
1.415802853E9	1
1.415803186E9	1
1.415803605E9	1
1.415803606E9	1
1.415803726E9	1
1.415803751E9	1
1.415803911E9	1
1.415803979E9	1
1.415804012E9	1
1.415804113E9	1
1.415804165E9	1
1.415804179E9	1
1.415804205E9	1
1.415804225E9	1
1.415804523E9	1
1.415804546E9	1
1.415804571E9	1
1.415804631E9	1
1.415804816E9	1
1.41580489E9	1
1.415804891E9	1
1.415804898E9	1
1.415805054E9	1
1.415805055E9	1
1.415805219E9	1
1.41580529E9	1
1.415805397E9	1
1.415805402E9	1
1.415805423E9	1
1.415805502E9	1
1.415805568E9	1
1.415805617E9	1
1.415805818E9	1
1.415805891E9	1
1.415805932E9	1
1.415805997E9	1
1.415806304E9	1
1.415806744E9	1
1.415806967E9	1
1.415807007E9	1
1.415807011E9	1
1.415807029E9	1
1.415807031E9	1
1.415807056E9	1
1.415807099E9	1
1.415807516E9	1
1.415807712E9	1
1.415808218E9	1
1.415808429E9	1
1.415808433E9	1
1.415808466E9	1
1.415808604E9	1
1.415808868E9	1
1.415808894E9	1
1.415808902E9	1
1.415809398E9	1
1.415809532E9	1
1.415809577E9	1
1.415809716E9	1
1.415809755E9	1
1.41580994E9	1
1.415809957E9	1
1.415810031E9	1
1.415810036E9	1
1.415810099E9	1
1.415810128E9	1
1.415810151E9	1
1.415810217E9	1
1.415810225E9	1
1.415810236E9	1
1.415810263E9	1
1.415810289E9	1
1.415810415E9	1
1.415810428E9	1
1.415810474E9	1
1.415810497E9	1
1.415810513E9	1
1.415810601E9	1
1.415810664E9	1
1.415810696E9	1
1.415810701E9	1
1.415810783E9	1
1.415810852E9	1
1.41581089E9	1
1.415810906E9	1
1.415810966E9	1
1.415811008E9	1
1.415811057E9	1
1.415811111E9	1
1.415811241E9	1
1.415811262E9	1
1.415811273E9	1
1.415811325E9	1
1.415811366E9	1
1.415811413E9	1
1.415811474E9	1
1.415811572E9	1
1.415811573E9	1
1.415811598E9	1
1.415811702E9	1
1.415811771E9	1
1.415811771E9	1
1.415811862E9	1
1.415811888E9	1
1.415811894E9	1
1.415811909E9	1
1.415811927E9	1
1.415811949E9	1
1.415811987E9	1
1.415812E9	1
1.415812003E9	1
1.415812024E9	1
1.415812053E9	1
1.415812056E9	1
1.415812068E9	1
1.415812124E9	1
1.415812201E9	1
1.415812215E9	1
1.415812248E9	1
1.415812251E9	1
1.415812305E9	1
1.415812313E9	1
1.415812351E9	1
1.415812369E9	1
1.415812409E9	1
1.415812475E9	1
1.415812484E9	1
1.415812486E9	1
1.415812516E9	1
1.415812535E9	1
1.415812614E9	1
1.415812642E9	1
1.415812683E9	1
1.415812701E9	1
1.41581272E9	1
1.4158128E9	1
1.415812813E9	1
1.415812833E9	1
1.415812867E9	1
1.41581292E9	1
1.415812931E9	1
1.415813032E9	1
1.415813113E9	1
1.415813412E9	1
1.415813464E9	1
1.415813477E9	1
1.415813486E9	1
1.415813488E9	1
1.415813585E9	1
1.415813586E9	1
1.415813652E9	1
1.415813713E9	1
1.415814142E9	1
1.415814173E9	1
1.415814224E9	1
1.41581428E9	1
1.415814338E9	1
1.415814356E9	1
1.415814375E9	1
1.41581454E9	1
1.415814609E9	1
1.415814623E9	1
1.415814624E9	1
1.415814797E9	1
1.415815155E9	1
1.415815159E9	1
1.415815336E9	1
1.415815423E9	1
1.415815461E9	1
1.415815623E9	1
1.415815841E9	1
1.415815927E9	1
1.415815932E9	1
1.41581604E9	1
1.415816174E9	1
1.4158162E9	1
1.415816219E9	1
1.415816222E9	1
1.4158164E9	1
1.415816634E9	1
1.415816652E9	1
1.41581668E9	1
1.415816696E9	1
1.415816758E9	1
1.415817035E9	1
1.4158171E9	1
1.415817201E9	1
1.415817212E9	1
1.41581731E9	1
1.415817453E9	1
1.415818233E9	1
1.415818291E9	1
1.415818308E9	1
1.415818333E9	1
1.415818611E9	1
1.415818678E9	1
1.41581868E9	1
1.415818772E9	1
1.415819041E9	1
1.415819127E9	1
1.415819183E9	1
1.415819216E9	1
1.415819248E9	1
1.415819251E9	1
1.415819305E9	1
1.415819379E9	1
1.415819382E9	1
1.415819405E9	1
1.41581941E9	1
1.415819418E9	1
1.415819473E9	1
1.415819596E9	1
1.415819619E9	1
1.41581964E9	1
1.415819675E9	1
1.415819725E9	1
1.415819785E9	1
1.415819827E9	1
1.415819858E9	1
1.415819938E9	1
1.415819946E9	1
1.415819955E9	1
1.415820099E9	1
1.415820139E9	1
1.415820238E9	1
1.415820286E9	1
1.415820337E9	1
1.415820374E9	1
1.415820378E9	1
1.415820465E9	1
1.415820469E9	1
1.41582049E9	1
1.415820531E9	1
1.415820622E9	1
1.415820692E9	1
1.415820743E9	1
1.415820744E9	1
1.415820752E9	1
1.415820756E9	1
1.415820782E9	1
1.415820832E9	1
1.415820898E9	1
1.415820944E9	1
1.415820963E9	1
1.415821E9	1
1.415821006E9	1
1.415821008E9	1
1.41582107E9	1
1.415821161E9	1
1.415821248E9	1
1.415821266E9	1
1.41582127E9	1
1.415821281E9	1
1.415821304E9	1
1.415821313E9	1
1.415821324E9	1
1.41582134E9	1
1.41582137E9	1
1.415821482E9	1
1.415821504E9	1
1.415821635E9	1
1.415821654E9	1
1.415821676E9	1
1.415821754E9	1
1.415821768E9	1
1.415821786E9	1
1.415821807E9	1
1.415821846E9	1
1.415821858E9	1
1.41582189E9	1
1.415821898E9	1
1.415821918E9	1
1.415822024E9	1
1.415822028E9	1
1.415822028E9	1
1.415822136E9	1
1.415822156E9	1
1.415822255E9	1
1.415822316E9	1
1.415822327E9	1
1.415822377E9	1
1.4158224E9	1
1.415822444E9	1
1.415822447E9	1
1.415822485E9	1
1.41582257E9	1
1.41582258E9	1
1.415822606E9	1
1.415822633E9	1
1.415822635E9	1
1.415822722E9	1
1.415822753E9	1
1.415822776E9	1
1.41582284E9	1
1.415822909E9	1
1.41582295E9	1
1.415822958E9	1
1.415823139E9	1
1.415823143E9	1
1.415823179E9	1
1.415823284E9	1
1.41582336E9	1
1.41582343E9	1
1.415823482E9	1
1.415823483E9	1
1.415823513E9	1
1.415823551E9	1
1.41582357E9	1
1.415823606E9	1
1.415823743E9	1
1.415823745E9	1
1.415823814E9	1
1.415823906E9	1
1.415823972E9	1
1.41582402E9	1
1.415824023E9	1
1.415824103E9	1
1.415824247E9	1
1.415824328E9	1
1.41582438E9	1
1.415824626E9	1
1.415824644E9	1
1.415824681E9	1
1.415824705E9	1
1.415824705E9	1
1.415824743E9	1
1.415824765E9	1
1.415824855E9	1
1.415824904E9	1
1.415824949E9	1
1.415824995E9	1
1.415824996E9	1
1.415825004E9	1
1.415825083E9	1
1.41582531E9	1
1.415825425E9	1
1.41582554E9	1
1.415825764E9	1
1.415825765E9	1
1.415825846E9	1
1.415825908E9	1
1.415825917E9	1
1.415826082E9	1
1.415826417E9	1
1.41582646E9	1
1.415826579E9	1
1.415826591E9	1
1.415826824E9	1
1.415826829E9	1
1.415826832E9	1
1.415826836E9	1
1.415826908E9	1
1.415827468E9	1
1.415827481E9	1
1.415827497E9	1
1.415827522E9	1
1.415827624E9	1
1.415827631E9	1
1.415827664E9	1
1.415827778E9	1
1.415827789E9	1
1.415827807E9	1
1.415827852E9	1
1.415827858E9	1
1.415827911E9	1
1.415827919E9	1
1.41582794E9	1
1.415827943E9	1
1.415827948E9	1
1.41582829E9	1
1.415828432E9	1
1.415828462E9	1
1.415828521E9	1
1.415828583E9	1
1.415828585E9	1
1.415828656E9	1
1.415828672E9	1
1.415828761E9	1
1.41582881E9	1
1.41582895E9	1
1.415829122E9	1
1.415829175E9	1
1.415829202E9	1
1.415829226E9	1
1.415829241E9	1
1.415829248E9	1
1.415829484E9	1
1.415829491E9	1
1.415829544E9	1
1.415829567E9	1
1.415829576E9	1
1.415829641E9	1
1.415829674E9	1
1.415829767E9	1
1.415829826E9	1
1.415829852E9	1
1.415829857E9	1
1.415829862E9	1
1.415829885E9	1
1.415829917E9	1
1.415830007E9	1
1.415830074E9	1
1.415830085E9	1
1.415830086E9	1
1.415830138E9	1
1.415830139E9	1
1.415830209E9	1
1.415830259E9	1
1.415830313E9	1
1.415830416E9	1
1.415830445E9	1
1.415830455E9	1
1.415830481E9	1
1.415830543E9	1
1.415830566E9	1
1.415830642E9	1
1.415830708E9	1
1.415830716E9	1
1.415830743E9	1
1.415830879E9	1
1.415830922E9	1
1.415830943E9	1
1.415830974E9	1
1.415830993E9	1
1.415831038E9	1
1.415831085E9	1
1.415831144E9	1
1.415831152E9	1
1.415831205E9	1
1.415831264E9	1
1.415831274E9	1
1.415831352E9	1
1.415831422E9	1
1.415831435E9	1
1.415831489E9	1
1.415831513E9	1
1.41583155E9	1
1.41583156E9	1
1.415831566E9	1
1.415831572E9	1
1.415831612E9	1
1.415831617E9	1
1.415831637E9	1
1.415831683E9	1
1.415831806E9	1
1.415831808E9	1
1.415831878E9	1
1.415831962E9	1
1.415832013E9	1
1.415832058E9	1
1.415832065E9	1
1.415832122E9	1
1.415832143E9	1
1.415832305E9	1
1.415832315E9	1
1.415832331E9	1
1.415832334E9	1
1.415832363E9	1
1.415832366E9	1
1.415832379E9	1
1.415832405E9	1
1.415832408E9	1
1.415832475E9	1
1.415832483E9	1
1.415832506E9	1
1.415832522E9	1
1.415832542E9	1
1.415832562E9	1
1.415832572E9	1
1.415832577E9	1
1.415832603E9	1
1.415832644E9	1
1.415832679E9	1
1.415832696E9	1
1.415832716E9	1
1.415832735E9	1
1.415832745E9	1
1.415832772E9	1
1.415832779E9	1
1.4158328E9	1
1.415832829E9	1
1.415832897E9	1
1.415832948E9	1
1.415832957E9	1
1.415832961E9	1
1.415832973E9	1
1.415832977E9	1
1.415832987E9	1
1.415833011E9	1
1.415833039E9	1
1.415833054E9	1
1.415833057E9	1
1.415833064E9	1
1.415833065E9	1
1.415833095E9	1
1.415833105E9	1
1.415833128E9	1
1.415833148E9	1
1.415833152E9	1
1.415833157E9	1
1.415833167E9	1
1.415833193E9	1
1.415833222E9	1
1.415833223E9	1
1.415833234E9	1
1.415833236E9	1
1.415833241E9	1
1.415833254E9	1
1.415833265E9	1
1.415833311E9	1
1.415833317E9	1
1.415833361E9	1
1.415833401E9	1
1.415833413E9	1
1.415833421E9	1
1.415833445E9	1
1.415833486E9	1
1.415833511E9	1
1.415833531E9	1
1.415833555E9	1
1.415833566E9	1
1.415833582E9	1
1.415833584E9	1
1.415833598E9	1
1.41583362E9	1
1.415833664E9	1
1.415833688E9	1
1.415833688E9	1
1.415833689E9	1
1.415833719E9	1
1.415833744E9	1
1.415833747E9	1
1.415833778E9	1
1.415833783E9	1
1.415833788E9	1
1.415833876E9	1
1.415833896E9	1
1.415833897E9	1
1.415833954E9	1
1.415833987E9	1
1.415834056E9	1
1.415834107E9	1
1.415834159E9	1
1.415834186E9	1
1.415834197E9	1
1.415834253E9	1
1.41583429E9	1
1.415834324E9	1
1.415834344E9	1
1.415834364E9	1
1.415834379E9	1
1.415834391E9	1
1.415834397E9	1
1.415834432E9	1
1.415834438E9	1
1.415834491E9	1
1.415834494E9	1
1.415834495E9	1
1.415834499E9	1
1.415834515E9	1
1.415834519E9	1
1.415834538E9	1
1.415834557E9	1
1.415834596E9	1
1.41583466E9	1
1.415834664E9	1
1.415834666E9	1
1.415834674E9	1
1.415834691E9	1
1.415834691E9	1
1.415834725E9	1
1.415834733E9	1
1.415834751E9	1
1.415834758E9	1
1.415834763E9	1
1.415834768E9	1
1.415834771E9	1
1.415834788E9	1
1.415834793E9	1
1.415834795E9	1
1.415834795E9	1
1.415834796E9	1
1.415834806E9	1
1.415834807E9	1
1.415834822E9	1
1.415834824E9	1
1.415834833E9	1
1.415834835E9	1
1.415834838E9	1
1.415834843E9	1
1.415834847E9	1
1.415834851E9	1
1.415834866E9	1
1.415834872E9	1
1.415834873E9	1
1.415834891E9	1
1.415834898E9	1
1.415834904E9	1
1.415834909E9	1
1.415834929E9	1
1.415834951E9	1
1.415834972E9	1
1.415834984E9	1
1.415834989E9	1
1.415835021E9	1
1.415835026E9	1
1.415835033E9	1
1.415835036E9	1
1.415835041E9	1
1.415835052E9	1
1.415835063E9	1
1.415835065E9	1
1.415835066E9	1
1.415835068E9	1
1.415835079E9	1
1.415835092E9	1
1.415835093E9	1
1.415835099E9	1
1.415835102E9	1
1.415835104E9	1
1.415835105E9	1
1.415835106E9	1
1.415835106E9	1
1.415835108E9	1
1.415835114E9	1
1.415835117E9	1
1.415835118E9	1
1.415835126E9	1
1.415835131E9	1
1.415835136E9	1
1.41583514E9	1
1.41583514E9	1
1.415835141E9	1
1.415835144E9	1
1.415835144E9	1
1.415835144E9	1
1.415835152E9	1
1.415835155E9	1
1.415835161E9	1
1.415835163E9	1
1.415835169E9	1
1.415835171E9	1
1.415835186E9	1
1.415835186E9	1
1.415835187E9	1
1.415835189E9	1
1.415835191E9	1
1.4158352E9	1
1.415835203E9	1
1.41583521E9	1
1.415835222E9	1
1.415835224E9	1
1.415835235E9	1
1.415835242E9	1
1.415835249E9	1
1.415835264E9	1
1.415835275E9	1
1.415835279E9	1
1.415835284E9	1
1.415835287E9	1
1.415835291E9	1
1.415835293E9	1
1.415835296E9	1
1.415835312E9	1
1.415835314E9	1
1.415835319E9	1
1.41583532E9	1
1.415835342E9	1
1.415835343E9	1
1.415835351E9	1
1.415835356E9	1
1.415835362E9	1
1.415835363E9	1
1.415835368E9	1
1.41583537E9	1
1.41583537E9	1
1.415835373E9	1
1.415835374E9	1
1.415835379E9	1
1.415835379E9	1
1.415835385E9	1
1.41583539E9	1
1.415835393E9	1
1.415835403E9	1
1.415835403E9	1
1.415835406E9	1
1.415835407E9	1
1.415835408E9	1
1.415835412E9	1
1.415835422E9	1
1.415835425E9	1
1.415835445E9	1
1.415835459E9	1
1.415835462E9	1
1.41583549E9	1
1.415835495E9	1
1.415835509E9	1
1.415835515E9	1
1.415835517E9	1
1.415835517E9	1
1.415835524E9	1
1.415835532E9	1
1.415835557E9	1
1.415835561E9	1
1.415835563E9	1
1.415835568E9	1
1.41583557E9	1
1.415835573E9	1
1.415835591E9	1
1.415835596E9	1
1.415835609E9	1
1.415835617E9	1
1.415835637E9	1
1.415835643E9	1
1.415835662E9	1
1.415835668E9	1
1.41583567E9	1
1.415835705E9	1
1.415835725E9	1
1.415835729E9	1
1.415835744E9	1
1.415835749E9	1
1.415835768E9	1
1.415835771E9	1
1.415835773E9	1
1.415835802E9	1
1.415835804E9	1
1.415835804E9	1
1.415835811E9	1
1.415835824E9	1
1.415835826E9	1
1.415835832E9	1
1.415835834E9	1
1.415835837E9	1
1.415835844E9	1
1.415835853E9	1
1.415835865E9	1
1.41583587E9	1
1.415835888E9	1
1.415835891E9	1
1.415835894E9	1
1.415835894E9	1
1.415835906E9	1
1.415835912E9	1
1.415835915E9	1
1.415835916E9	1
1.415835919E9	1
1.415835919E9	1
1.415835925E9	1
1.415835938E9	1
1.415835939E9	1
1.41583595E9	1
1.415835955E9	1
1.415835963E9	1
1.415835964E9	1
1.415835965E9	1
1.415835968E9	1
1.415835971E9	1
1.415835974E9	1
1.415835981E9	1
1.415835998E9	1
1.415836003E9	1
1.415836005E9	1
1.415836005E9	1
1.415836011E9	1
1.415836015E9	1
1.415836019E9	1
1.415836024E9	1
1.41583603E9	1
1.415836039E9	1
1.415836056E9	1
1.415836065E9	1
1.415836075E9	1
1.415836081E9	1
1.415836098E9	1
1.4158361E9	1
1.415836102E9	1
1.41583613E9	1
1.415836131E9	1
1.415836136E9	1
1.415836159E9	1
1.415836171E9	1
1.415836177E9	1
1.41583618E9	1
1.415836188E9	1
1.415836205E9	1
1.415836207E9	1
1.415836209E9	1
1.415836212E9	1
1.41583622E9	1
1.415836225E9	1
1.41583623E9	1
1.415836233E9	1
1.415836235E9	1
1.415836239E9	1
1.415836245E9	1
1.415836251E9	1
1.415836262E9	1
1.415836262E9	1
1.415836288E9	1
1.415836295E9	1
1.415836316E9	1
1.415836318E9	1
1.415836325E9	1
1.415836335E9	1
1.415836338E9	1
1.415836344E9	1
1.41583636E9	1
1.415836363E9	1
1.41583637E9	1
1.415836378E9	1
1.415836387E9	1
1.41583641E9	1
1.415836415E9	1
1.415836429E9	1
1.41583644E9	1
1.415836443E9	1
1.415836446E9	1
1.415836447E9	1
1.415836449E9	1
1.41583645E9	1
1.415836453E9	1
1.415836455E9	1
1.41583647E9	1
1.415836487E9	1
1.415836499E9	1
1.415836502E9	1
1.41583651E9	1
1.415836511E9	1
1.415836519E9	1
1.415836521E9	1
1.415836521E9	1
1.415836542E9	1
1.41583656E9	1
1.415836564E9	1
1.415836574E9	1
1.415836581E9	1
1.415836594E9	1
1.415836602E9	1
1.415836617E9	1
1.415836621E9	1
1.41583663E9	1
1.415836643E9	1
1.415836653E9	1
1.415836656E9	1
1.415836658E9	1
1.415836658E9	1
1.415836684E9	1
1.415836692E9	1
1.415836696E9	1
1.415836711E9	1
1.415836717E9	1
1.415836733E9	1
1.415836734E9	1
1.415836776E9	1
1.41583678E9	1
1.415836785E9	1
1.415836791E9	1
1.415836797E9	1
1.415836797E9	1
1.415836797E9	1
1.415836817E9	1
1.415836818E9	1
1.41583683E9	1
1.415836835E9	1
1.415836841E9	1
1.415836851E9	1
1.415836852E9	1
1.415836855E9	1
1.415836857E9	1
1.415836874E9	1
1.415836891E9	1
1.415836891E9	1
1.415836915E9	1
1.415836922E9	1
1.415836926E9	1
1.41583693E9	1
1.415836936E9	1
1.415836942E9	1
1.415836957E9	1
1.415836962E9	1
1.415836965E9	1
1.415836966E9	1
1.415836972E9	1
1.415836979E9	1
1.415837001E9	1
1.415837009E9	1
1.415837017E9	1
1.415837053E9	1
1.415837053E9	1
1.415837059E9	1
1.415837059E9	1
1.415837062E9	1
1.415837068E9	1
1.415837068E9	1
1.415837069E9	1
1.41583707E9	1
1.415837071E9	1
1.415837071E9	1
1.415837074E9	1
1.415837074E9	1
1.415837074E9	1
1.415837075E9	1
1.415837075E9	1
1.415837077E9	1
1.415837081E9	1
1.415837082E9	1
1.415837085E9	1
1.41583709E9	1
1.41583709E9	1
1.415837092E9	1
1.415837093E9	1
1.415837094E9	1
1.415837097E9	1
1.415837098E9	1
1.4158371E9	1
1.415837101E9	1
1.415837101E9	1
1.415837101E9	1
1.415837102E9	1
1.415837102E9	1
1.415837102E9	1
1.415837108E9	1
1.415837109E9	1
1.415837109E9	1
1.415837112E9	1
1.415837112E9	1
1.415837114E9	1
1.415837114E9	1
1.415837118E9	1
1.41583712E9	1
1.415837121E9	1
1.415837121E9	1
1.415837124E9	1
1.415837125E9	1
1.415837125E9	1
1.415837126E9	1
1.415837127E9	1
1.415837129E9	1
1.41583713E9	1
1.415837148E9	1
1.415837149E9	1
1.415837153E9	1
1.415837156E9	1
1.415837157E9	1
1.415837159E9	1
1.41583716E9	1
1.415837163E9	1
1.415837173E9	1
1.415837176E9	1
1.415837182E9	1
1.415837182E9	1
1.415837183E9	1
1.415837183E9	1
1.415837185E9	1
1.415837188E9	1
1.415837189E9	1
1.415837189E9	1
1.415837189E9	1
1.415837192E9	1
1.415837193E9	1
1.415837193E9	1
1.415837194E9	1
1.415837196E9	1
1.415837196E9	1
1.415837198E9	1
1.415837203E9	1
1.415837208E9	1
1.415837217E9	1
1.415837221E9	1
1.415837225E9	1
1.415837232E9	1
1.415837234E9	1
1.415837236E9	1
1.415837236E9	1
1.415837238E9	1
1.415837239E9	1
1.41583724E9	1
1.415837241E9	1
1.415837242E9	1
1.415837243E9	1
1.415837246E9	1
1.415837247E9	1
1.415837252E9	1
1.415837262E9	1
1.415837264E9	1
1.415837268E9	1
1.415837269E9	1
1.415837271E9	1
1.415837271E9	1
1.415837273E9	1
1.415837277E9	1
1.415837281E9	1
1.415837287E9	1
1.415837289E9	1
1.415837291E9	1
1.415837298E9	1
1.415837298E9	1
1.415837302E9	1
1.415837308E9	1
1.415837309E9	1
1.415837313E9	1
1.415837314E9	1
1.415837317E9	1
1.415837317E9	1
1.41583732E9	1
1.415837322E9	1
1.415837327E9	1
1.41583733E9	1
1.415837332E9	1
1.415837337E9	1
1.415837342E9	1
1.415837348E9	1
1.41583735E9	1
1.415837353E9	1
1.415837357E9	1
1.415837364E9	1
1.415837369E9	1
1.415837374E9	1
1.415837377E9	1
1.41583738E9	1
1.415837386E9	1
1.41583739E9	1
1.415837396E9	1
1.415837397E9	1
1.415837397E9	1
1.4158374E9	1
1.415837401E9	1
1.415837404E9	1
1.415837412E9	1
1.415837415E9	1
1.415837416E9	1
1.415837425E9	1
1.415837431E9	1
1.415837431E9	1
1.415837431E9	1
1.415837432E9	1
1.415837433E9	1
1.415837436E9	1
1.415837437E9	1
1.415837438E9	1
1.415837438E9	1
1.415837438E9	1
1.41583744E9	1
1.415837442E9	1
1.415837449E9	1
1.415837449E9	1
1.415837451E9	1
1.415837453E9	1
1.415837456E9	1
1.415837459E9	1
1.415837462E9	1
1.415837464E9	1
1.415837465E9	1
1.415837465E9	1
1.415837466E9	1
1.415837472E9	1
1.415837472E9	1
1.415837476E9	1
1.415837478E9	1
1.415837487E9	1
1.415837491E9	1
1.415837498E9	1
1.415837501E9	1
1.415837505E9	1
1.415837508E9	1
1.415837509E9	1
1.415837516E9	1
1.415837519E9	1
1.41583752E9	1
1.415837523E9	1
1.415837524E9	1
1.415837525E9	1
1.415837533E9	1
1.415837537E9	1
1.415837541E9	1
1.415837543E9	1
1.415837547E9	1
1.41583755E9	1
1.415837556E9	1
1.415837557E9	1
1.41583756E9	1
1.415837561E9	1
1.415837574E9	1
1.41583758E9	1
1.41583758E9	1
1.415837583E9	1
1.415837586E9	1
1.415837591E9	1
1.415837596E9	1
1.415837602E9	1
1.415837605E9	1
1.415837608E9	1
1.415837611E9	1
1.415837612E9	1
1.415837614E9	1
1.415837622E9	1
1.415837627E9	1
1.415837631E9	1
1.415837634E9	1
1.415837637E9	1
1.415837638E9	1
1.415837638E9	1
1.415837642E9	1
1.415837647E9	1
1.415837652E9	1
1.415837653E9	1
1.415837658E9	1
1.415837659E9	1
1.415837662E9	1
1.415837665E9	1
1.415837667E9	1
1.415837671E9	1
1.415837672E9	1
1.415837682E9	1
1.415837683E9	1
1.415837685E9	1
1.415837686E9	1
1.415837688E9	1
1.415837691E9	1
1.415837692E9	1
1.415837701E9	1
1.415837709E9	1
1.415837713E9	1
1.415837713E9	1
1.415837714E9	1
1.415837716E9	1
1.415837719E9	1
1.415837719E9	1
1.41583772E9	1
1.41583772E9	1
1.415837725E9	1
1.415837727E9	1
1.41583773E9	1
1.415837739E9	1
1.41583774E9	1
1.415837744E9	1
1.415837751E9	1
1.415837754E9	1
1.415837756E9	1
1.415837758E9	1
1.415837765E9	1
1.415837766E9	1
1.415837771E9	1
1.415837772E9	1
1.415837777E9	1
1.415837777E9	1
1.415837778E9	1
1.415837778E9	1
1.415837779E9	1
1.415837788E9	1
1.415837788E9	1
1.415837793E9	1
1.415837801E9	1
1.415837804E9	1
1.415837805E9	1
1.415837807E9	1
1.415837812E9	1
1.415837823E9	1
1.415837823E9	1
1.415837829E9	1
1.415837842E9	1
1.415837851E9	1
1.415837857E9	1
1.415837858E9	1
1.415837866E9	1
1.415837874E9	1
1.415837876E9	1
1.415837877E9	1
1.415837881E9	1
1.415837882E9	1
1.415837882E9	1
1.415837894E9	1
1.415837898E9	1
1.4158379E9	1
1.4158379E9	1
1.415837905E9	1
1.415837908E9	1
1.415837909E9	1
1.415837912E9	1
1.415837912E9	1
1.415837913E9	1
1.415837918E9	1
1.415837919E9	1
1.415837919E9	1
1.415837922E9	1
1.415837923E9	1
1.415837924E9	1
1.415837925E9	1
1.415837926E9	1
1.415837936E9	1
1.415837938E9	1
1.41583794E9	1
1.415837944E9	1
1.415837948E9	1
1.415837951E9	1
1.415837951E9	1
1.415837955E9	1
1.415837958E9	1
1.415837968E9	1
1.41583797E9	1
1.415837978E9	1
1.415837981E9	1
1.415837982E9	1
1.415837991E9	1
1.415837993E9	1
1.415837994E9	1
1.415838004E9	1
1.415838007E9	1
1.415838017E9	1
1.415838027E9	1
1.415838036E9	1
1.41583804E9	1
1.415838045E9	1
1.415838047E9	1
1.41583805E9	1
1.41583805E9	1
1.415838051E9	1
1.415838062E9	1
1.415838069E9	1
1.41583807E9	1
1.415838094E9	1
1.415838098E9	1
1.415838104E9	1
1.415838114E9	1
1.415838118E9	1
1.415838129E9	1
1.41583813E9	1
1.415838135E9	1
1.415838156E9	1
1.41583816E9	1
1.41583817E9	1
1.415838175E9	1
1.415838188E9	1
1.415838206E9	1
1.415838213E9	1
1.415838215E9	1
1.41583822E9	1
1.415838227E9	1
1.415838237E9	1
1.415838239E9	1
1.415838261E9	1
1.415838271E9	1
1.415838282E9	1
1.415838282E9	1
1.415838289E9	1
1.415838289E9	1
1.41583829E9	1
1.415838291E9	1
1.415838297E9	1
1.415838297E9	1
1.415838298E9	1
1.415838313E9	1
1.415838318E9	1
1.415838323E9	1
1.41583835E9	1
1.415838352E9	1
1.415838358E9	1
1.415838363E9	1
1.41583837E9	1
1.415838371E9	1
1.415838387E9	1
1.415838396E9	1
1.415838396E9	1
1.415838399E9	1
1.415838409E9	1
1.41583841E9	1
1.415838421E9	1
1.415838441E9	1
1.415838442E9	1
1.415838448E9	1
1.415838448E9	1
1.415838448E9	1
1.415838449E9	1
1.415838452E9	1
1.415838453E9	1
1.415838459E9	1
1.415838464E9	1
1.415838487E9	1
1.415838502E9	1
1.415838517E9	1
1.415838539E9	1
1.415838544E9	1
1.415838561E9	1
1.41583857E9	1
1.415838575E9	1
1.415838577E9	1
1.415838583E9	1
1.415838589E9	1
1.41583859E9	1
1.415838598E9	1
1.415838602E9	1
1.415838609E9	1
1.415838637E9	1
1.415838648E9	1
1.415838653E9	1
1.415838653E9	1
1.415838659E9	1
1.415838676E9	1
1.415838684E9	1
1.41583869E9	1
1.415838709E9	1
1.415838712E9	1
1.415838712E9	1
1.415838716E9	1
1.415838716E9	1
1.415838716E9	1
1.415838725E9	1
1.415838747E9	1
1.415838754E9	1
1.415838763E9	1
1.415838764E9	1
1.415838771E9	1
1.415838773E9	1
1.415838775E9	1
1.415838782E9	1
1.41583879E9	1
1.415838794E9	1
1.415838811E9	1
1.415838816E9	1
1.415838831E9	1
1.415838833E9	1
1.415838837E9	1
1.415838849E9	1
1.415838852E9	1
1.415838859E9	1
1.41583887E9	1
1.41583887E9	1
1.415838884E9	1
1.415838888E9	1
1.415838897E9	1
1.415838898E9	1
1.415838899E9	1
1.415838912E9	1
1.415838933E9	1
1.415838946E9	1
1.415838953E9	1
1.415838958E9	1
1.415838958E9	1
1.415838976E9	1
1.41583898E9	1
1.415838982E9	1
1.415839007E9	1
1.415839007E9	1
1.415839014E9	1
1.415839015E9	1
1.41583905E9	1
1.415839063E9	1
1.415839063E9	1
1.415839064E9	1
1.415839065E9	1
1.415839072E9	1
1.415839079E9	1
1.415839083E9	1
1.415839088E9	1
1.415839089E9	1
1.415839091E9	1
1.4158391E9	1
1.415839106E9	1
1.415839112E9	1
1.415839117E9	1
1.415839135E9	1
1.415839138E9	1
1.415839156E9	1
1.415839191E9	1
1.415839207E9	1
1.415839258E9	1
1.415839261E9	1
1.415839261E9	1
1.415839271E9	1
1.415839281E9	1
1.415839299E9	1
1.415839303E9	1
1.415839328E9	1
1.415839329E9	1
1.41583933E9	1
1.415839331E9	1
1.415839363E9	1
1.41583938E9	1
1.415839411E9	1
1.415839421E9	1
1.415839422E9	1
1.415839431E9	1
1.415839436E9	1
1.415839448E9	1
1.415839457E9	1
1.415839461E9	1
1.415839468E9	1
1.415839506E9	1
1.41583954E9	1
1.415839544E9	1
1.415839548E9	1
1.415839562E9	1
1.415839573E9	1
1.415839574E9	1
1.415839585E9	1
1.415839591E9	1
1.415839595E9	1
1.415839604E9	1
1.415839625E9	1
1.415839682E9	1
1.415839693E9	1
1.415839701E9	1
1.415839704E9	1
1.41583973E9	1
1.415839737E9	1
1.415839746E9	1
1.415839756E9	1
1.415839762E9	1
1.415839781E9	1
1.415839786E9	1
1.415839801E9	1
1.415839821E9	1
1.415839832E9	1
1.415839851E9	1
1.415839856E9	1
1.41583988E9	1
1.4158399E9	1
1.415839911E9	1
1.415839927E9	1
1.415839929E9	1
1.41583995E9	1
1.415839955E9	1
1.41583998E9	1
1.415840004E9	1
1.41584002E9	1
1.415840047E9	1
1.415840064E9	1
1.415840067E9	1
1.415840073E9	1
1.41584009E9	1
1.415840091E9	1
1.415840137E9	1
1.415840139E9	1
1.415840145E9	1
1.415840151E9	1
1.415840153E9	1
1.415840186E9	1
1.415840193E9	1
1.415840195E9	1
1.415840196E9	1
1.415840196E9	1
1.415840199E9	1
1.415840239E9	1
1.41584031E9	1
1.41584032E9	1
1.415840328E9	1
1.41584039E9	1
1.415840396E9	1
1.415840397E9	1
1.4158404E9	1
1.415840423E9	1
1.415840444E9	1
1.415840478E9	1
1.41584049E9	1
1.415840507E9	1
1.415840539E9	1
1.415840559E9	1
1.415840559E9	1
1.415840572E9	1
1.415840576E9	1
1.415840579E9	1
1.415840583E9	1
1.415840598E9	1
1.415840608E9	1
1.415840614E9	1
1.415840618E9	1
1.415840619E9	1
1.415840634E9	1
1.415840645E9	1
1.415840654E9	1
1.415840662E9	1
1.415840705E9	1
1.415840712E9	1
1.415840731E9	1
1.415840731E9	1
1.415840747E9	1
1.415840759E9	1
1.415840769E9	1
1.415840803E9	1
1.415840804E9	1
1.415840804E9	1
1.41584082E9	1
1.415840832E9	1
1.415840847E9	1
1.415840859E9	1
1.415840922E9	1
1.415840937E9	1
1.415840956E9	1
1.415840957E9	1
1.415840995E9	1
1.415840996E9	1
1.415841003E9	1
1.415841004E9	1
1.415841006E9	1
1.415841006E9	1
1.415841021E9	1
1.415841071E9	1
1.415841092E9	1
1.415841099E9	1
1.415841141E9	1
1.415841161E9	1
1.415841163E9	1
1.415841237E9	1
1.415841259E9	1
1.415841266E9	1
1.415841271E9	1
1.415841293E9	1
1.415841303E9	1
1.415841324E9	1
1.415841338E9	1
1.415841347E9	1
1.415841363E9	1
1.415841366E9	1
1.41584137E9	1
1.415841388E9	1
1.415841402E9	1
1.415841421E9	1
1.415841422E9	1
1.415841456E9	1
1.415841472E9	1
1.415841485E9	1
1.415841524E9	1
1.415841553E9	1
1.415841554E9	1
1.415841573E9	1
1.415841603E9	1
1.415841612E9	1
1.415841632E9	1
1.415841638E9	1
1.415841639E9	1
1.415841647E9	1
1.4158417E9	1
1.415841728E9	1
1.415841733E9	1
1.415841738E9	1
1.415841778E9	1
1.41584182E9	1
1.415841822E9	1
1.415841835E9	1
1.415841854E9	1
1.415841922E9	1
1.415841948E9	1
1.415841963E9	1
1.415842002E9	1
1.41584201E9	1
1.415842014E9	1
1.415842016E9	1
1.415842047E9	1
1.41584205E9	1
1.415842111E9	1
1.415842149E9	1
1.415842166E9	1
1.415842191E9	1
1.415842205E9	1
1.415842237E9	1
1.415842245E9	1
1.415842278E9	1
1.415842279E9	1
1.415842288E9	1
1.415842292E9	1
1.415842298E9	1
1.415842304E9	1
1.415842317E9	1
1.415842323E9	1
1.415842368E9	1
1.415842451E9	1
1.415842457E9	1
1.415842516E9	1
1.415842527E9	1
1.415842529E9	1
1.415842576E9	1
1.41584258E9	1
1.415842628E9	1
1.415842663E9	1
1.415842667E9	1
1.415842691E9	1
1.415842737E9	1
1.41584279E9	1
1.415842824E9	1
1.415842824E9	1
1.415842862E9	1
1.415842877E9	1
1.415842891E9	1
1.415842969E9	1
1.415842979E9	1
1.415843009E9	1
1.415843022E9	1
1.415843079E9	1
1.41584309E9	1
1.415843102E9	1
1.415843111E9	1
1.415843119E9	1
1.415843142E9	1
1.415843144E9	1
1.415843157E9	1
1.415843247E9	1
1.415843356E9	1
1.415843358E9	1
1.415843388E9	1
1.41584346E9	1
1.41584348E9	1
1.415843495E9	1
1.415843542E9	1
1.415843574E9	1
1.415843591E9	1
1.415843599E9	1
1.41584364E9	1
1.415843653E9	1
1.415843673E9	1
1.415843716E9	1
1.415843728E9	1
1.415843729E9	1
1.415843739E9	1
1.415843787E9	1
1.415843792E9	1
1.415843813E9	1
1.415843845E9	1
1.415843887E9	1
1.415843895E9	1
1.415843957E9	1
1.415844012E9	1
1.415844026E9	1
1.415844055E9	1
1.415844081E9	1
1.415844094E9	1
1.415844103E9	1
1.415844109E9	1
1.415844126E9	1
1.415844136E9	1
1.415844164E9	1
1.415844204E9	1
1.415844216E9	1
1.415844237E9	1
1.415844265E9	1
1.415844287E9	1
1.415844329E9	1
1.415844358E9	1
1.415844431E9	1
1.415844447E9	1
1.415844472E9	1
1.415844489E9	1
1.415844563E9	1
1.415844575E9	1
1.415844592E9	1
1.415844593E9	1
1.415844594E9	1
1.415844599E9	1
1.415844603E9	1
1.415844647E9	1
1.415844712E9	1
1.415844725E9	1
1.415844729E9	1
1.415844756E9	1
1.415844775E9	1
1.415844779E9	1
1.41584481E9	1
1.415844853E9	1
1.415844858E9	1
1.415844905E9	1
1.415844908E9	1
1.415844944E9	1
1.415844947E9	1
1.415845007E9	1
1.41584501E9	1
1.415845039E9	1
1.415845067E9	1
1.415845127E9	1
1.415845128E9	1
1.415845145E9	1
1.415845183E9	1
1.415845184E9	1
1.415845187E9	1
1.4158452E9	1
1.415845207E9	1
1.415845266E9	1
1.41584527E9	1
1.415845287E9	1
1.415845303E9	1
1.415845315E9	1
1.41584533E9	1
1.415845348E9	1
1.415845358E9	1
1.415845397E9	1
1.415845456E9	1
1.415845498E9	1
1.415845569E9	1
1.415845582E9	1
1.415845615E9	1
1.415845667E9	1
1.415845688E9	1
1.415845694E9	1
1.415845723E9	1
1.41584577E9	1
1.415845782E9	1
1.415845788E9	1
1.415845814E9	1
1.415845818E9	1
1.415845851E9	1
1.415845862E9	1
1.415845875E9	1
1.415845897E9	1
1.415845967E9	1
1.415845984E9	1
1.415846007E9	1
1.415846014E9	1
1.415846087E9	1
1.415846109E9	1
1.415846135E9	1
1.415846191E9	1
1.415846274E9	1
1.415846337E9	1
1.415846371E9	1
1.415846382E9	1
1.415846402E9	1
1.415846413E9	1
1.41584648E9	1
1.415846531E9	1
1.415846535E9	1
1.415846616E9	1
1.415846619E9	1
1.415846633E9	1
1.415846639E9	1
1.415846639E9	1
1.415846653E9	1
1.415846662E9	1
1.415846694E9	1
1.415846698E9	1
1.415846708E9	1
1.415846753E9	1
1.415846769E9	1
1.415846777E9	1
1.415846836E9	1
1.415846838E9	1
1.415846901E9	1
1.415846928E9	1
1.415846953E9	1
1.415847005E9	1
1.415847045E9	1
1.415847113E9	1
1.415847143E9	1
1.41584715E9	1
1.415847168E9	1
1.415847172E9	1
1.415847173E9	1
1.415847186E9	1
1.415847196E9	1
1.415847256E9	1
1.415847257E9	1
1.415847305E9	1
1.415847393E9	1
1.415847499E9	1
1.415847548E9	1
1.415847549E9	1
1.415847589E9	1
1.415847667E9	1
1.415847679E9	1
1.415847754E9	1
1.415847792E9	1
1.415847801E9	1
1.415847802E9	1
1.415847837E9	1
1.415847898E9	1
1.415847918E9	1
1.415847992E9	1
1.415847993E9	1
1.415848012E9	1
1.415848111E9	1
1.415848127E9	1
1.415848129E9	1
1.415848146E9	1
1.415848213E9	1
1.415848226E9	1
1.415848236E9	1
1.415848244E9	1
1.415848254E9	1
1.415848266E9	1
1.415848307E9	1
1.415848315E9	1
1.415848337E9	1
1.415848342E9	1
1.415848374E9	1
1.415848388E9	1
1.415848436E9	1
1.41584851E9	1
1.415848526E9	1
1.415848615E9	1
1.415848634E9	1
1.415848652E9	1
1.415848658E9	1
1.415848669E9	1
1.415848686E9	1
1.415848709E9	1
1.41584873E9	1
1.415848732E9	1
1.415848799E9	1
1.415848806E9	1
1.415848816E9	1
1.41584887E9	1
1.415848872E9	1
1.415848891E9	1
1.41584899E9	1
1.415848991E9	1
1.415848993E9	1
1.415848998E9	1
1.415849004E9	1
1.415849038E9	1
1.415849058E9	1
1.415849076E9	1
1.415849107E9	1
1.415849126E9	1
1.415849153E9	1
1.415849169E9	1
1.415849251E9	1
1.415849267E9	1
1.415849272E9	1
1.415849362E9	1
1.415849438E9	1
1.415849526E9	1
1.415849566E9	1
1.415849581E9	1
1.415849654E9	1
1.415849658E9	1
1.415849665E9	1
1.415849667E9	1
1.415849669E9	1
1.415849692E9	1
1.415849713E9	1
1.415849867E9	1
1.415849875E9	1
1.415849881E9	1
1.415849909E9	1
1.415849927E9	1
1.415850014E9	1
1.415850027E9	1
1.415850056E9	1
1.415850144E9	1
1.415850163E9	1
1.415850224E9	1
1.415850297E9	1
1.415850304E9	1
1.415850317E9	1
1.415850362E9	1
1.415850441E9	1
1.415850477E9	1
1.415850524E9	1
1.415850572E9	1
1.415850608E9	1
1.415850609E9	1
1.415850613E9	1
1.415850648E9	1
1.41585074E9	1
1.415850845E9	1
1.415850852E9	1
1.415850901E9	1
1.415850951E9	1
1.415850954E9	1
1.415851031E9	1
1.415851229E9	1
1.415851267E9	1
1.415851294E9	1
1.415851304E9	1
1.415851389E9	1
1.415851454E9	1
1.415851498E9	1
1.415851507E9	1
1.415851559E9	1
1.415851663E9	1
1.415851695E9	1
1.415851696E9	1
1.415851696E9	1
1.415851719E9	1
1.415851721E9	1
1.415851738E9	1
1.415851795E9	1
1.415851845E9	1
1.415851851E9	1
1.415851907E9	1
1.415851944E9	1
1.415851969E9	1
1.415852054E9	1
1.415852061E9	1
1.415852271E9	1
1.415852278E9	1
1.41585229E9	1
1.415852298E9	1
1.415852302E9	1
1.415852312E9	1
1.415852347E9	1
1.415852359E9	1
1.415852366E9	1
1.415852367E9	1
1.415852432E9	1
1.415852451E9	1
1.415852458E9	1
1.415852597E9	1
1.415852685E9	1
1.41585273E9	1
1.415852744E9	1
1.415852752E9	1
1.415852769E9	1
1.415852809E9	1
1.41585285E9	1
1.415852884E9	1
1.415852963E9	1
1.415852979E9	1
1.415852996E9	1
1.415853004E9	1
1.415853034E9	1
1.415853037E9	1
1.415853134E9	1
1.415853278E9	1
1.415853291E9	1
1.415853301E9	1
1.415853302E9	1
1.415853321E9	1
1.415853352E9	1
1.415853448E9	1
1.415853556E9	1
1.415853647E9	1
1.415853692E9	1
1.415853744E9	1
1.415853762E9	1
1.41585382E9	1
1.415853972E9	1
1.415853974E9	1
1.415854094E9	1
1.415854149E9	1
1.415854222E9	1
1.41585426E9	1
1.415854468E9	1
1.415854619E9	1
1.415854746E9	1
1.415854817E9	1
1.415854848E9	1
1.415854848E9	1
1.415854949E9	1
1.41585495E9	1
1.41585501E9	1
1.415855044E9	1
1.415855048E9	1
1.415855175E9	1
1.415855189E9	1
1.415855225E9	1
1.415855284E9	1
1.415855321E9	1
1.415855391E9	1
1.415855396E9	1
1.415855484E9	1
1.415855521E9	1
1.415855535E9	1
1.415855581E9	1
1.415855768E9	1
1.415855865E9	1
1.415855895E9	1
1.415856197E9	1
1.415856243E9	1
1.415856271E9	1
1.415856277E9	1
1.415856334E9	1
1.415856474E9	1
1.415856559E9	1
1.41585686E9	1
1.41585702E9	1
1.415857031E9	1
1.415857053E9	1
1.415857291E9	1
1.415857314E9	1
1.41585734E9	1
1.415857882E9	1
1.415858196E9	1
1.415858315E9	1
1.415858356E9	1
1.415858597E9	1
1.415858684E9	1
1.415858735E9	1
1.415858852E9	1
1.415858919E9	1
1.415858941E9	1
1.415859031E9	1
1.415859053E9	1
1.415859085E9	1
1.415859102E9	1
1.41585913E9	1
1.415859175E9	1
1.415859191E9	1
1.415859223E9	1
1.415859256E9	1
1.415859304E9	1
1.415859565E9	1
1.415859858E9	1
1.415859865E9	1
1.415859902E9	1
1.415859977E9	1
1.415860101E9	1
1.415860114E9	1
1.415860227E9	1
1.41586026E9	1
1.415860266E9	1
1.415860319E9	1
1.415860462E9	1
1.415860484E9	1
1.415860495E9	1
1.41586056E9	1
1.415860567E9	1
1.415860764E9	1
1.415860807E9	1
1.415860919E9	1
1.41586103E9	1
1.415861126E9	1
1.415861245E9	1
1.415861352E9	1
1.415861715E9	1
1.415861719E9	1
1.415861832E9	1
1.415861857E9	1
1.415861868E9	1
1.415861903E9	1
1.415862075E9	1
1.415862121E9	1
1.415862272E9	1
1.415862291E9	1
1.415862388E9	1
1.415862488E9	1
1.41586251E9	1
1.415862536E9	1
1.415862554E9	1
1.415862636E9	1
1.415862659E9	1
1.415862734E9	1
1.415862796E9	1
1.415862816E9	1
1.415862859E9	1
1.415862874E9	1
1.415862956E9	1
1.415863037E9	1
1.415863171E9	1
1.415863203E9	1
1.415863235E9	1
1.415863347E9	1
1.415863391E9	1
1.415863948E9	1
1.415864081E9	1
1.415864173E9	1
1.415864187E9	1
1.415864228E9	1
1.415864241E9	1
1.415864241E9	1
1.415864351E9	1
1.415864374E9	1
1.415864643E9	1
1.415864698E9	1
1.415864727E9	1
1.415864784E9	1
1.415864982E9	1
1.415865101E9	1
1.415865109E9	1
1.415865185E9	1
1.41586525E9	1
1.415865325E9	1
1.415865362E9	1
1.41586537E9	1
1.415865388E9	1
1.415865442E9	1
1.415865498E9	1
1.41586554E9	1
1.415865672E9	1
1.415865714E9	1
1.415865882E9	1
1.41586589E9	1
1.415865966E9	1
1.415865969E9	1
1.415866003E9	1
1.415866052E9	1
1.415866197E9	1
1.415866327E9	1
1.415866767E9	1
1.415866839E9	1
1.415866965E9	1
1.415866978E9	1
1.415867147E9	1
1.415867203E9	1
1.415867469E9	1
1.415867595E9	1
1.415867631E9	1
1.415867854E9	1
1.415868039E9	1
1.415868051E9	1
1.41586832E9	1
1.415868374E9	1
1.415868458E9	1
1.415868934E9	1
1.415869417E9	1
1.415869737E9	1
1.415869903E9	1
1.41587002E9	1
1.415870159E9	1
1.415870206E9	1
1.415870256E9	1
1.415870305E9	1
1.415870448E9	1
1.415870524E9	1
1.415870534E9	1
1.415870755E9	1
1.415870912E9	1
1.415871197E9	1
1.41587123E9	1
1.415871295E9	1
1.415872206E9	1
1.415872319E9	1
1.415872333E9	1
1.41587345E9	1
1.415873474E9	1
1.415873624E9	1
1.415873769E9	1
1.415873836E9	1
1.415874248E9	1
1.415874496E9	1
1.415874514E9	1
1.415874914E9	1
1.415874915E9	1
1.415875734E9	1
1.415875872E9	1
1.415876475E9	1
1.41587656E9	1
1.415876594E9	1
1.415876741E9	1
1.415876814E9	1
1.415876969E9	1
1.415877355E9	1
1.415877743E9	1
1.415877881E9	1
1.415878105E9	1
1.415878515E9	1
1.415878753E9	1
1.415878937E9	1
1.415880166E9	1
1.415880454E9	1
1.415880595E9	1
1.415880612E9	1
1.415880724E9	1
1.415881299E9	1
1.415881745E9	1
1.415881899E9	1
1.415883311E9	1
1.4158838E9	1
1.415883903E9	1
1.41588405E9	1
1.415884151E9	1
1.415884433E9	1
1.415884512E9	1
1.415885186E9	1
1.415885946E9	1
1.415886126E9	1
1.415886158E9	1
1.415886577E9	1
1.415887769E9	1
1.415887937E9	1
1.415888051E9	1
1.415888787E9	1
1.415889402E9	1
1.415889831E9	1
1.415889911E9	1
1.415890056E9	1
1.415890666E9	1
1.415890943E9	1
1.415891499E9	1
1.415891652E9	1
1.415891841E9	1
1.415892095E9	1
1.415892148E9	1
1.415892303E9	1
1.415892372E9	1
1.415892766E9	1
1.41589287E9	1
1.415892963E9	1
1.415892982E9	1
1.41589326E9	1
1.415893933E9	1
1.415894165E9	1
1.415894308E9	1
1.415894677E9	1
1.415894872E9	1
1.415895337E9	1
1.415895547E9	1
1.41589561E9	1
1.415895785E9	1
1.41589586E9	1
1.4158966E9	1
1.415896881E9	1
1.415897047E9	1
1.41589739E9	1
1.415897876E9	1
1.415898212E9	1
1.415898331E9	1
1.415898566E9	1
1.415898675E9	1
1.415898687E9	1
1.415898867E9	1
1.415898988E9	1
1.415899051E9	1
1.41589914E9	1
1.415899172E9	1
1.415899322E9	1
1.41589939E9	1
1.415899578E9	1
1.415899859E9	1
1.415899876E9	1
1.415900328E9	1
1.415900351E9	1
1.415900544E9	1
1.415900611E9	1
1.415900682E9	1
1.415900872E9	1
1.415901469E9	1
1.415901533E9	1
1.415901607E9	1
1.415901682E9	1
1.415901787E9	1
1.4159019E9	1
1.415902071E9	1
1.415902161E9	1
1.415902337E9	1
1.415902437E9	1
1.415902604E9	1
1.415902621E9	1
1.415902746E9	1
1.415902855E9	1
1.415903092E9	1
1.415903145E9	1
1.415903166E9	1
1.415903255E9	1
1.415903331E9	1
1.415903438E9	1
1.415903472E9	1
1.415903744E9	1
1.415903772E9	1
1.415903775E9	1
1.415903962E9	1
1.415904184E9	1
1.415904214E9	1
1.415904285E9	1
1.415904391E9	1
1.415904636E9	1
1.41590486E9	1
1.415904966E9	1
1.415905197E9	1
1.415905361E9	1
1.415905422E9	1
1.415905435E9	1
1.415905479E9	1
1.415905692E9	1
1.415905776E9	1
1.415905836E9	1
1.41590595E9	1
1.415906441E9	1
1.415906626E9	1
1.415906698E9	1
1.415906699E9	1
1.415906898E9	1
1.415907004E9	1
1.415907089E9	1
1.415907128E9	1
1.415907362E9	1
1.415907511E9	1
1.415907566E9	1
1.415907636E9	1
1.415907666E9	1
1.415907888E9	1
1.415908407E9	1
1.415908415E9	1
1.415908466E9	1
1.415908477E9	1
1.415908746E9	1
1.415908758E9	1
1.415908873E9	1
1.415909138E9	1
1.415909295E9	1
1.415909338E9	1
1.415909424E9	1
1.41590958E9	1
1.415909643E9	1
1.415910208E9	1
1.415910883E9	1
1.415910927E9	1
1.41591129E9	1
1.415911417E9	1
1.415911524E9	1
1.415911555E9	1
1.415911666E9	1
1.415912065E9	1
1.41591222E9	1
1.415912311E9	1
1.415912409E9	1
1.415912491E9	1
1.41591254E9	1
1.415912562E9	1
1.415912563E9	1
1.415912583E9	1
1.415912653E9	1
1.415912776E9	1
1.415912789E9	1
1.415912949E9	1
1.415912961E9	1
1.415913014E9	1
1.415913154E9	1
1.415913164E9	1
1.415913246E9	1
1.41591337E9	1
1.415913566E9	1
1.415913802E9	1
1.415913815E9	1
1.415913822E9	1
1.415913862E9	1
1.415913866E9	1
1.41591391E9	1
1.415913923E9	1
1.415914049E9	1
1.415914093E9	1
1.415914119E9	1
1.415914127E9	1
1.41591416E9	1
1.415914169E9	1
1.415914203E9	1
1.415914266E9	1
1.415914272E9	1
1.415914286E9	1
1.415914287E9	1
1.415914327E9	1
1.415914336E9	1
1.415914385E9	1
1.41591457E9	1
1.415914642E9	1
1.415914756E9	1
1.415914792E9	1
1.415914862E9	1
1.415914878E9	1
1.415914899E9	1
1.41591498E9	1
1.415915174E9	1
1.415915197E9	1
1.415915201E9	1
1.415915275E9	1
1.41591536E9	1
1.415915362E9	1
1.41591537E9	1
1.415915409E9	1
1.415915474E9	1
1.415915491E9	1
1.415915506E9	1
1.415915622E9	1
1.41591565E9	1
1.415915737E9	1
1.415915754E9	1
1.415915879E9	1
1.415915879E9	1
1.415915963E9	1
1.415916004E9	1
1.415916025E9	1
1.415916097E9	1
1.415916128E9	1
1.415916352E9	1
1.415916372E9	1
1.415916451E9	1
1.415916496E9	1
1.415916523E9	1
1.415916616E9	1
1.41591664E9	1
1.415916712E9	1
1.415916765E9	1
1.415916772E9	1
1.41591684E9	1
1.415916895E9	1
1.41591692E9	1
1.415917027E9	1
1.415917083E9	1
1.415917121E9	1
1.415917123E9	1
1.415917315E9	1
1.415917516E9	1
1.415917757E9	1
1.415917861E9	1
1.415918012E9	1
1.415918067E9	1
1.415918193E9	1
1.415918209E9	1
1.415918429E9	1
1.415918457E9	1
1.415918862E9	1
1.41591896E9	1
1.415919065E9	1
1.415919208E9	1
1.415919232E9	1
1.415919567E9	1
1.415919675E9	1
1.415919757E9	1
1.415919968E9	1
1.415920068E9	1
1.415920324E9	1
1.415920434E9	1
1.415920527E9	1
1.415920733E9	1
1.415920805E9	1
1.415921202E9	1
1.415921264E9	1
1.415921507E9	1
1.415921792E9	1
1.415921876E9	1
1.415921991E9	1
1.415922023E9	1
1.415922024E9	1
1.415922134E9	1
1.415922818E9	1
1.415922881E9	1
1.41592292E9	1
1.415923107E9	1
1.415923131E9	1
1.415923193E9	1
1.415923247E9	1
1.415923357E9	1
1.415923469E9	1
1.415923605E9	1
1.415923804E9	1
1.415923956E9	1
1.415923969E9	1
1.415924516E9	1
1.415924524E9	1
1.415924581E9	1
1.415925165E9	1
1.415925531E9	1
1.415925549E9	1
1.415925758E9	1
1.415925804E9	1
1.415925992E9	1
1.41592617E9	1
1.415926251E9	1
1.415926377E9	1
1.415926508E9	1
1.415926672E9	1
1.41592737E9	1
1.415927373E9	1
1.4159275E9	1
1.41592829E9	1
1.415928413E9	1
1.415928799E9	1
1.415928967E9	1
1.415929348E9	1
1.415929669E9	1
1.415930505E9	1
1.415930573E9	1
1.41593083E9	1
1.415930863E9	1
1.415931609E9	1
1.415931655E9	1
1.415931704E9	1
1.415931744E9	1
1.415931833E9	1
1.415931988E9	1
1.4159324E9	1
1.415932502E9	1
1.415932822E9	1
1.415933137E9	1
1.415933332E9	1
1.415933659E9	1
1.415933719E9	1
1.415933786E9	1
1.415934163E9	1
1.415934409E9	1
1.415934878E9	1
1.415934883E9	1
1.415934992E9	1
1.415935066E9	1
1.415935499E9	1
1.415935668E9	1
1.415935733E9	1
1.415935841E9	1
1.415936846E9	1
1.415937022E9	1
1.415938221E9	1
1.415938341E9	1
1.415938371E9	1
1.415938471E9	1
1.415938592E9	1
1.415938703E9	1
1.415939388E9	1
1.415939401E9	1
1.415939597E9	1
1.41593964E9	1
1.415940235E9	1
1.415940556E9	1
1.415940569E9	1
1.415940966E9	1
1.415941235E9	1
1.415941317E9	1
1.415941329E9	1
1.415941467E9	1
1.415941662E9	1
1.415941841E9	1
1.415941899E9	1
1.415942482E9	1
1.415942509E9	1
1.415942963E9	1
1.415943042E9	1
1.415943148E9	1
1.415943351E9	1
1.415943355E9	1
1.415943364E9	1
1.415944037E9	1
1.415944441E9	1
1.415944694E9	1
1.415945568E9	1
1.415946363E9	1
1.415946488E9	1
1.415946814E9	1
1.415946849E9	1
1.415946907E9	1
1.415947226E9	1
1.41594758E9	1
1.415947755E9	1
1.415948166E9	1
1.415949256E9	1
1.415950044E9	1
1.415950769E9	1
1.415951124E9	1
1.415952116E9	1
1.415952554E9	1
1.415953042E9	1
1.415953155E9	1
1.415953458E9	1
1.415953576E9	1
1.415954158E9	1
1.41595484E9	1
1.415955229E9	1
1.415957702E9	1
1.415958319E9	1
1.415959367E9	1
1.415959812E9	1
1.415960966E9	1
1.415963046E9	1
1.415963499E9	1
1.415963909E9	1
1.415964425E9	1
1.415964745E9	1
1.415965208E9	1
1.415965233E9	1
1.415966336E9	1
1.415966584E9	1
1.415966923E9	1
1.415967236E9	1
1.415971065E9	1
1.415971835E9	1
1.415974138E9	1
1.415974249E9	1
1.415974319E9	1
1.415974573E9	1
1.415975079E9	1
1.415975809E9	1
1.415976386E9	1
1.415976394E9	1
1.415976758E9	1
1.415977716E9	1
1.415979495E9	1
1.415980599E9	1
1.415981516E9	1
1.415981981E9	1
1.415982371E9	1
1.415983118E9	1
1.41598315E9	1
1.415984361E9	1
1.4159854E9	1
1.415985482E9	1
1.415985843E9	1
1.415986219E9	1
1.415986524E9	1
1.415986932E9	1
1.415987129E9	1
1.415987806E9	1
1.415987846E9	1
1.415988341E9	1
1.415988472E9	1
1.415989576E9	1
1.415989677E9	1
1.415990301E9	1
1.415990448E9	1
1.415990455E9	1
1.415990455E9	1
1.415991171E9	1
1.415991464E9	1
1.415992065E9	1
1.415992221E9	1
1.415992272E9	1
1.415992651E9	1
1.415992658E9	1
1.415994054E9	1
1.415994158E9	1
1.415994557E9	1
1.415994887E9	1
1.41599505E9	1
1.415995123E9	1
1.415995354E9	1
1.415996059E9	1
1.415996163E9	1
1.415997547E9	1
1.415997564E9	1
1.415997849E9	1
1.415998094E9	1
1.415998276E9	1
1.415998492E9	1
1.415998861E9	1
1.41599916E9	1
1.415999217E9	1
1.415999344E9	1
1.415999923E9	1
1.415999938E9	1
1.415999986E9	1
1.416000052E9	1
1.416000173E9	1
1.416000228E9	1
1.416000378E9	1
1.416000383E9	1
1.416000403E9	1
1.416000518E9	1
1.416000563E9	1
1.416000604E9	1
1.41600081E9	1
1.416000862E9	1
1.416000955E9	1
1.416000998E9	1
1.416001142E9	1
1.41600136E9	1
1.41600144E9	1
1.416001479E9	1
1.416001717E9	1
1.41600174E9	1
1.41600204E9	1
1.416002063E9	1
1.416002231E9	1
1.416002309E9	1
1.416002439E9	1
1.416002978E9	1
1.416003111E9	1
1.416003621E9	1
1.41600394E9	1
1.416004034E9	1
1.416004395E9	1
1.416004834E9	1
1.416004874E9	1
1.416005132E9	1
1.416005511E9	1
1.416005654E9	1
1.416005952E9	1
1.41600596E9	1
1.416005999E9	1
1.416006867E9	1
1.416007512E9	1
1.416007721E9	1
1.416008447E9	1
1.416008739E9	1
1.416009135E9	1
1.416009168E9	1
1.416009634E9	1
1.41600991E9	1
1.41600996E9	1
1.416009963E9	1
1.416010078E9	1
1.416010122E9	1
1.41601082E9	1
1.416011825E9	1
1.416012307E9	1
1.416012366E9	1
1.416012643E9	1
1.416013055E9	1
1.416013244E9	1
1.416013593E9	1
1.41601387E9	1
1.416014544E9	1
1.416015969E9	1
1.416015981E9	1
1.416016097E9	1
1.416016215E9	1
1.416016227E9	1
1.416016615E9	1
1.416017372E9	1
1.416017379E9	1
1.416017467E9	1
1.416017599E9	1
1.416017935E9	1
1.416018007E9	1
1.416018886E9	1
1.416019865E9	1
1.416020144E9	1
1.416020551E9	1
1.416020757E9	1
1.416022062E9	1
1.416022154E9	1
1.416022398E9	1
1.416022448E9	1
1.416023619E9	1
1.416024541E9	1
1.416024891E9	1
1.416025914E9	1
1.416025926E9	1
1.416026456E9	1
1.416026681E9	1
1.416026697E9	1
1.416026931E9	1
1.416027165E9	1
1.416027729E9	1
1.416028182E9	1
1.416028506E9	1
1.416028919E9	1
1.416029326E9	1
1.416029659E9	1
1.416030061E9	1
1.416030239E9	1
1.416030249E9	1
1.416030865E9	1
1.416030922E9	1
1.416030974E9	1
1.416031114E9	1
1.416031501E9	1
1.416031519E9	1
1.416031641E9	1
1.416031756E9	1
1.416031783E9	1
1.416032246E9	1
1.416032416E9	1
1.416032646E9	1
1.41603287E9	1
1.416032884E9	1
1.416033046E9	1
1.416033054E9	1
1.416033207E9	1
1.41603328E9	1
1.416033319E9	1
1.416033385E9	1
1.416033513E9	1
1.41603357E9	1
1.41603373E9	1
1.416033802E9	1
1.416034057E9	1
1.416034216E9	1
1.416034288E9	1
1.416034309E9	1
1.416034319E9	1
1.416034349E9	1
1.416034547E9	1
1.416034699E9	1
1.416034894E9	1
1.416034941E9	1
1.416035004E9	1
1.416035088E9	1
1.416035112E9	1
1.416035252E9	1
1.416035376E9	1
1.416035546E9	1
1.416035579E9	1
1.416036308E9	1
1.416036421E9	1
1.416036527E9	1
1.416036638E9	1
1.416036848E9	1
1.416037079E9	1
1.416037132E9	1
1.416037257E9	1
1.416037324E9	1
1.416037389E9	1
1.416037437E9	1
1.416037629E9	1
1.416037653E9	1
1.416037832E9	1
1.41603794E9	1
1.416038164E9	1
1.416038214E9	1
1.416038256E9	1
1.416038312E9	1
1.416038528E9	1
1.416038623E9	1
1.416038654E9	1
1.416038657E9	1
1.416038713E9	1
1.41603872E9	1
1.41603887E9	1
1.41603887E9	1
1.416038905E9	1
1.416038929E9	1
1.416039023E9	1
1.416039075E9	1
1.416039088E9	1
1.416039192E9	1
1.416039695E9	1
1.416039794E9	1
1.416039816E9	1
1.416039859E9	1
1.416039912E9	1
1.416040131E9	1
1.416040217E9	1
1.416040276E9	1
1.416040285E9	1
1.416040495E9	1
1.416040606E9	1
1.416040783E9	1
1.416040787E9	1
1.416040855E9	1
1.416041057E9	1
1.416041093E9	1
1.416041102E9	1
1.416041227E9	1
1.416041306E9	1
1.416041337E9	1
1.416041546E9	1
1.416041553E9	1
1.416041586E9	1
1.416041655E9	1
1.416041687E9	1
1.41604174E9	1
1.416041893E9	1
1.416041952E9	1
1.416041979E9	1
1.416042055E9	1
1.416042215E9	1
1.416042252E9	1
1.416042302E9	1
1.416042328E9	1
1.416042355E9	1
1.416042491E9	1
1.416042722E9	1
1.416042903E9	1
1.416043035E9	1
1.416043281E9	1
1.416043326E9	1
1.416043603E9	1
1.416043769E9	1
1.416045175E9	1
1.41604571E9	1
1.416046223E9	1
1.416046952E9	1
1.416046959E9	1
1.416047005E9	1
1.416047244E9	1
1.416047327E9	1
1.416048715E9	1
1.416051023E9	1
1.416052236E9	1
1.41605246E9	1
1.416052613E9	1
1.416053967E9	1
1.416054253E9	1
1.416055154E9	1
1.416055315E9	1
1.416055517E9	1
1.416056441E9	1
1.416058559E9	1
1.416058619E9	1
1.416059199E9	1
1.416059867E9	1
1.416060421E9	1
1.416060556E9	1
1.416060556E9	1
1.416061021E9	1
1.416061159E9	1
1.416064694E9	1
1.416066322E9	1
1.416067831E9	1
1.416068322E9	1
1.416068907E9	1
1.416070176E9	1
1.416070611E9	1
1.416070947E9	1
1.416071608E9	1
1.416071623E9	1
1.416071762E9	1
1.416072242E9	1
1.41607233E9	1
1.416072959E9	1
1.41607298E9	1
1.416074571E9	1
1.416074705E9	1
1.416074706E9	1
1.416075876E9	1
1.416075966E9	1
1.416076973E9	1
1.416077867E9	1
1.416078021E9	1
1.41607849E9	1
1.41607944E9	1
1.416079738E9	1
1.416080257E9	1
1.416082077E9	1
1.41608339E9	1
1.416084164E9	1
1.416084341E9	1
1.416085258E9	1
1.416085402E9	1
1.416085815E9	1
1.416086445E9	1
1.416086561E9	1
1.416087391E9	1
1.416087917E9	1
1.416088452E9	1
1.416088587E9	1
1.416088915E9	1
1.416089345E9	1
1.416089745E9	1
1.416091196E9	1
1.416091654E9	1
1.416091868E9	1
1.416091886E9	1
1.416092274E9	1
1.41609302E9	1
1.416093583E9	1
1.416095009E9	1
1.416095824E9	1
1.416095989E9	1
1.416096742E9	1
1.416099126E9	1
1.416099799E9	1
1.416102282E9	1
1.416105526E9	1
1.416105672E9	1
1.416105786E9	1
1.416107267E9	1
1.416108703E9	1
1.41610982E9	1
1.416113682E9	1
1.416115633E9	1
1.416116662E9	1
1.416118042E9	1
1.416120523E9	1
1.416120834E9	1
1.416126493E9	1
1.416134074E9	1
1.416141578E9	1
1.416144194E9	1
1.416145089E9	1
1.416152811E9	1
1.416157562E9	1
1.416158362E9	1
1.416159939E9	1
1.416160773E9	1
1.41616162E9	1
1.416161733E9	1
1.41616393E9	1
1.41616448E9	1
1.416165271E9	1
1.416168488E9	1
1.416168508E9	1
1.41617225E9	1
1.41617704E9	1
1.416177437E9	1
1.416177475E9	1
1.416179796E9	1
1.416179897E9	1
1.416180535E9	1
1.416180928E9	1
1.416183916E9	1
1.416186816E9	1
1.416188527E9	1
1.416189047E9	1
1.416189261E9	1
1.416195012E9	1
1.416196893E9	1
1.416200953E9	1
1.41620293E9	1
1.416204246E9	1
1.41623012E9	1
1.416231046E9	1
1.416239471E9	1
1.416240718E9	1
1.416252834E9	1
1.416259253E9	1
1.416260661E9	1
1.416262211E9	1
1.416263527E9	1
1.416264445E9	1
1.416265554E9	1
1.41626584E9	1
1.416267124E9	1
1.416267227E9	1
1.41627289E9	1
1.416273568E9	1
1.416275344E9	1
1.416279165E9	1
1.416285149E9	1
1.416286953E9	1
1.416289546E9	1
1.416291372E9	1
1.41629348E9	1
1.416296653E9	1
1.416300441E9	1
1.416300809E9	1
1.416301422E9	1
1.416302654E9	1
1.416307521E9	1
1.416308142E9	1
1.416309538E9	1
1.416320321E9	1
1.416324906E9	1
1.416326531E9	1
1.416327519E9	1
1.41632786E9	1
1.416328097E9	1
1.416330622E9	1
1.416331858E9	1
1.416333937E9	1
1.416350657E9	1
1.416352122E9	1
1.416352294E9	1
1.41635586E9	1
1.416356931E9	1
1.416357171E9	1
1.416359903E9	1
1.41636142E9	1
1.416361476E9	1
1.416365963E9	1
1.416367868E9	1
1.416369252E9	1
1.416370948E9	1
1.416372228E9	1
1.416373314E9	1
1.416374337E9	1
1.416374935E9	1
1.416378581E9	1
1.416380566E9	1
1.416380903E9	1
1.416381342E9	1
1.416384995E9	1
1.416386047E9	1
1.4164042E9	1
1.416416353E9	1
1.416421688E9	1
1.41642504E9	1
1.416426234E9	1
1.416431035E9	1
1.4164321E9	1
1.416437853E9	1
1.416438456E9	1
1.416442363E9	1
1.416442724E9	1
1.416443204E9	1
1.416444958E9	1
1.416448482E9	1
1.416455746E9	1
1.416456784E9	1
1.416460662E9	1
1.416460872E9	1
1.416462763E9	1
1.416482426E9	1
1.416482432E9	1
1.416482644E9	1
1.416485985E9	1
1.416503089E9	1
1.41650567E9	1
1.416507026E9	1
1.416513061E9	1
1.416513636E9	1
1.416515798E9	1
1.416516654E9	1
1.416520183E9	1
1.416521432E9	1
1.416526441E9	1
1.416534394E9	1
1.41653803E9	1
1.416541718E9	1
1.416560413E9	1
1.416573459E9	1
1.416588741E9	1
1.416594361E9	1
1.416596369E9	1
1.41661017E9	1
1.416612929E9	1
1.416615551E9	1
1.416621875E9	1
1.416621985E9	1
1.416636135E9	1
1.416639592E9	1
1.416648019E9	1
1.416669973E9	1
1.416669976E9	1
1.416723224E9	1
1.41673029E9	1
1.416739418E9	1
1.416752179E9	1
1.416795398E9	1
1.416795947E9	1
1.41682026E9	1
1.416830445E9	1
1.416869201E9	1
1.416869618E9	1
1.41687092E9	1
1.416883121E9	1
1.416930098E9	1
1.41694351E9	1
1.416971659E9	1
1.416984222E9	1
1.416988884E9	1
1.417000784E9	1
1.417033602E9	1
1.417042727E9	1
1.417047971E9	1
1.417059629E9	1
1.41706446E9	1
1.417071869E9	1
1.417076317E9	1
1.417126632E9	1
1.417158043E9	1
1.417207679E9	1
1.417208792E9	1
1.417245125E9	1
1.417356208E9	1
1.417371821E9	1
1.417408493E9	1
1.417429758E9	1
1.417434467E9	1
1.417443185E9	1
1.41747495E9	1
1.417482943E9	1
1.417491946E9	1
1.417494243E9	1
1.417505544E9	1
1.417530787E9	1
1.417550792E9	1
1.41755881E9	1
1.417576805E9	1
1.417583444E9	1
1.417592003E9	1
1.417598778E9	1
1.417638011E9	1
1.41764158E9	1
1.417647343E9	1
1.417669801E9	1
1.417694891E9	1
1.417697742E9	1
1.417708302E9	1
1.417708358E9	1
1.417712739E9	1
1.417713559E9	1
1.417720053E9	1
1.417720362E9	1
1.417721807E9	1
1.417723384E9	1
1.417723417E9	1
1.417723437E9	1
1.417723725E9	1
1.417723862E9	1
1.417724503E9	1
1.417724751E9	1
1.417724879E9	1
1.417724987E9	1
1.417725712E9	1
1.41772577E9	1
1.41772582E9	1
1.417725892E9	1
1.417726002E9	1
1.417726008E9	1
1.417726178E9	1
1.417726211E9	1
1.417726323E9	1
1.417726341E9	1
1.417726474E9	1
1.41772649E9	1
1.417726522E9	1
1.417726543E9	1
1.417726601E9	1
1.417726716E9	1
1.417726768E9	1
1.417726909E9	1
1.417727249E9	1
1.417727288E9	1
1.417727538E9	1
1.417727589E9	1
1.417727617E9	1
1.417728009E9	1
1.417728039E9	1
1.417728145E9	1
1.417728242E9	1
1.417728248E9	1
1.417728297E9	1
1.417728302E9	1
1.417728323E9	1
1.41772835E9	1
1.417728365E9	1
1.417728513E9	1
1.417728523E9	1
1.417728558E9	1
1.417728569E9	1
1.417728574E9	1
1.417728594E9	1
1.417728622E9	1
1.417728714E9	1
1.417728725E9	1
1.417728746E9	1
1.417728953E9	1
1.417728984E9	1
1.417729056E9	1
1.417729089E9	1
1.41772911E9	1
1.417729211E9	1
1.417729319E9	1
1.41773071E9	1
1.417731061E9	1
1.417731171E9	1
1.4177313E9	1
1.41773134E9	1
1.417731541E9	1
1.417731604E9	1
1.417732099E9	1
1.417732147E9	1
1.417732187E9	1
1.417732201E9	1
1.417732269E9	1
1.417732312E9	1
1.417732385E9	1
1.417732401E9	1
1.417732429E9	1
1.417732492E9	1
1.417732533E9	1
1.417732545E9	1
1.41773256E9	1
1.4177326E9	1
1.417732606E9	1
1.417732608E9	1
1.417732615E9	1
1.417732673E9	1
1.417732711E9	1
1.41773277E9	1
1.41773281E9	1
1.417732826E9	1
1.417732858E9	1
1.417733064E9	1
1.41773309E9	1
1.417733143E9	1
1.417733161E9	1
1.417733193E9	1
1.417733341E9	1
1.417733599E9	1
1.417734061E9	1
1.41773527E9	1
1.417735437E9	1
1.417735519E9	1
1.417735821E9	1
1.417738673E9	1
1.417740744E9	1
1.417741686E9	1
1.417742505E9	1
1.417742924E9	1
1.417761695E9	1
1.417762813E9	1
1.41776531E9	1
1.417773561E9	1
1.41777374E9	1
1.417786183E9	1
1.417798164E9	1
1.417798166E9	1
1.417800112E9	1
1.417801148E9	1
1.417801161E9	1
1.417802702E9	1
1.417802838E9	1
1.417805535E9	1
1.417806703E9	1
1.417806787E9	1
1.417806881E9	1
1.417807202E9	1
1.417807998E9	1
1.417808037E9	1
1.417808148E9	1
1.417808282E9	1
1.417808361E9	1
1.417808366E9	1
1.417808573E9	1
1.41780881E9	1
1.417808816E9	1
1.417809084E9	1
1.417809089E9	1
1.417809107E9	1
1.417809195E9	1
1.417809211E9	1
1.417809308E9	1
1.417809308E9	1
1.41780937E9	1
1.417809459E9	1
1.417809583E9	1
1.417809685E9	1
1.417809732E9	1
1.417809862E9	1
1.417809867E9	1
1.417809887E9	1
1.417809906E9	1
1.417809942E9	1
1.41780996E9	1
1.417809979E9	1
1.417810058E9	1
1.417810065E9	1
1.417810067E9	1
1.4178102E9	1
1.417810215E9	1
1.417810218E9	1
1.417810269E9	1
1.417810273E9	1
1.417810275E9	1
1.417810393E9	1
1.417810396E9	1
1.417810397E9	1
1.417810418E9	1
1.41781054E9	1
1.417810807E9	1
1.41781082E9	1
1.417811071E9	1
1.41781115E9	1
1.417811158E9	1
1.417811178E9	1
1.417811185E9	1
1.417811186E9	1
1.417811187E9	1
1.41781139E9	1
1.417811424E9	1
1.417811608E9	1
1.417811656E9	1
1.41781169E9	1
1.417811748E9	1
1.417812008E9	1
1.417812294E9	1
1.417812672E9	1
1.417812685E9	1
1.417812784E9	1
1.417813301E9	1
1.417813586E9	1
1.417813676E9	1
1.417813801E9	1
1.417814067E9	1
1.417814136E9	1
1.417814276E9	1
1.417814586E9	1
1.417814942E9	1
1.417815693E9	1
1.417815736E9	1
1.417815738E9	1
1.417815759E9	1
1.417816032E9	1
1.417816867E9	1
1.41781725E9	1
1.417817935E9	1
1.417818116E9	1
1.417818123E9	1
1.417818313E9	1
1.417819029E9	1
1.417819097E9	1
1.417819157E9	1
1.417819841E9	1
1.417820342E9	1
1.417821673E9	1
1.417822564E9	1
1.417823135E9	1
1.417823973E9	1
1.417824587E9	1
1.417825123E9	1
1.417825335E9	1
1.417825454E9	1
1.41782547E9	1
1.41782553E9	1
1.41782555E9	1
1.417825606E9	1
1.417825799E9	1
1.417825929E9	1
1.417826007E9	1
1.417826019E9	1
1.417826191E9	1
1.417826256E9	1
1.41782693E9	1
1.41782719E9	1
1.417827617E9	1
1.417828013E9	1
1.417829137E9	1
1.417829446E9	1
1.417829881E9	1
1.417830825E9	1
1.41783087E9	1
1.41783544E9	1
1.417838513E9	1
1.41783902E9	1
1.417840641E9	1
1.417841349E9	1
1.41784228E9	1
1.417844115E9	1
1.417844813E9	1
1.417846112E9	1
1.417846559E9	1
1.417847965E9	1
1.417849268E9	1
1.417849445E9	1
1.417851224E9	1
1.417852042E9	1
1.417852397E9	1
1.417854111E9	1
1.417854995E9	1
1.417854997E9	1
1.417856344E9	1
1.417857545E9	1
1.417857545E9	1
1.417857817E9	1
1.417858341E9	1
1.417858871E9	1
1.417858871E9	1
1.417860428E9	1
1.417868621E9	1
1.417874501E9	1
1.417875014E9	1
1.417886113E9	1
1.417887075E9	1
1.417893731E9	1
1.4178939E9	1
1.417893923E9	1
1.417897763E9	1
1.41790965E9	1
1.417912514E9	1
1.417923802E9	1
1.417926518E9	1
1.417926605E9	1
1.417926967E9	1
1.417931767E9	1
1.417932557E9	1
1.417935921E9	1
1.417938202E9	1
1.417938218E9	1
1.417950262E9	1
1.417950264E9	1
1.417966337E9	1
1.417973548E9	1
1.417990717E9	1
1.417994788E9	1
1.417994788E9	1
1.41799937E9	1
1.41801168E9	1
1.418024417E9	1
1.418075641E9	1
1.41809844E9	1
1.418106057E9	1
1.4181135E9	1
1.418113803E9	1
1.418125149E9	1
1.418210381E9	1
1.41823368E9	1
1.418234175E9	1
1.418250734E9	1
1.418255116E9	1
1.418267829E9	1
1.418273598E9	1
1.418286093E9	1
1.418343451E9	1
1.418343596E9	1
1.418352155E9	1
1.418354077E9	1
1.418406361E9	1
1.418481774E9	1
1.418483557E9	1
1.418513583E9	1
1.418517811E9	1
1.4185268E9	1
1.41852774E9	1
1.418535188E9	1
1.418574905E9	1
1.418621884E9	1
1.418645141E9	1
1.418685336E9	1
1.41868647E9	1
1.418713545E9	1
1.418733971E9	1
1.418746532E9	1
1.41876164E9	1
1.418769869E9	1
1.418778241E9	1
1.41877914E9	1
1.418781954E9	1
1.418803251E9	1
1.418807713E9	1
1.418835639E9	1
1.418896511E9	1
1.418901067E9	1
1.418906915E9	1
1.41894311E9	1
1.418956345E9	1
1.41895946E9	1
1.418977239E9	1
1.418982281E9	1
1.41910968E9	1
1.419114104E9	1
1.419142088E9	1
1.419204706E9	1
1.419214369E9	1
1.419231306E9	1
1.419276395E9	1
1.419288297E9	1
1.419311501E9	1
1.419316769E9	1
1.419320272E9	1
1.419390725E9	1
1.419461816E9	1
1.419478857E9	1
1.419479399E9	1
1.419528873E9	1
1.419540175E9	1
1.419610975E9	1
1.419738392E9	1
1.419944263E9	1
1.419995517E9	1
1.420048606E9	1
1.420052543E9	1
1.420054685E9	1
